0
1002961199553910900
1011056644594676601
1025704558843529769
1028946220159388930
1030908172145813573
1031292455437140057
1031866303825729385
1039893326016293431
1040952048143810404
1046703241358351056
104944215843289614
1050896779066953739
1054473562432013178
1054626424185918817
105566618014100592
105684243152993518
1069349680838715693
1073860469409155626
1076121874796297604
1077528999088393951
1085775408051330991
108793610470559611
1090611272214778195
1091126312663084356
1092521747225286127
109378915379774131
1094387586999053300
1102630276411690453
1103916587898326460
1105144823900161322
1107448969065146203
1109389417885536780
1117052889330220469
1118410362789144410
1120498197850206582
1122201358256810449
1125384583710179415
1129336796000522609
1129588259595930969
1130790184656918538
1135039559721215085
1137860888820066273
1137886857974586533
1138100978544022037
113869746177635750
1144583274314392313
1145168647960129329
11535224602352516
1153687564150715495
115515656150946803
1157327926595734734
1158169332615267188
116362099004048702
1169700585523393438
1172661230924627472
1179193793841756303
1182374942031055213
118334525965291816
1185693690366036067
1186031098090325715
1192557890892792981
1197314500768433248
1202755598384083248
120518867847693403
1206588865056469445
1208807463304693511
120945352900211295
121199305534015421
1212977541473462217
1222307176479263305
1222517613811838235
1225491484184760702
1231693657718107041
123537521344584881
1235687825298620707
1238206348268579930
124035522186470168
124341652371749022
1248648361221769940
1249793453448171612
1260648852420982766
126355360115189266
1272467232355834609
1273331562049400323
1278496291306513889
1284412559982359423
1285640751532510381
1285816819671524467
1289351840303497635
1292470565211174770
1297901905394680118
1298631200003112342
1302526096313191512
1306718853101127612
1307845201787616218
1314291580499535506
1317963074814871147
1322073842651187172
1328706129982295513
1330857698433587221
1334191043882549166
1336528516789668312
1337937270808086122
1340218261240383208
1343405190314227596
1359931335539962661
136114779073038098
1361871174912783582
1363264375575071863
1366361979726382025
1366801361072845327
1369196055026024728
1369327615554868549
1371069395681554440
1380390995319991065
1380894885522908585
1383569734043470872
1389545887539805711
1391373051778002618
1396131894577566866
139749295819207697
1397838579438165588
1399911807810666639
1411161592124167036
141446813535852239
1418907891796494953
1425970069339811043
1431028479015323718
1436657100707970037
1437550975951547162
1442464092955618920
1459755808800487677
1461676298271283827
1466764023324062541
1467421369764048714
1469430427005970609
1471468453189782070
1471571582796197933
1479304505001435643
1484240249846661299
1485354854085118020
1485472173961768580
148627888418374030
1487424828624804952
1490193981121791308
1490325610252603671
1494856728732088
1495062583505284319
1497580746477296136
1498002802340457278
1503680020510267960
1504555640650377962
150767745812911190
1507915960103111954
1516267140038636504
1518569251014236851
1519363184431783436
1521635388082409239
1522826438610013572
1530988384053641786
1532682594617460773
1533530198635769998
1538029791103485851
154238507110578477
1545039585359820663
1545271739976647022
154899299958576025
1549690425209939232
1551491451072692106
1552619092515996656
1554595772044465303
1559960575078340893
1561567349753870790
156207575123284264
1569192049645713241
1576383022478007093
1577455476972307001
1584573232108253535
1584608805988444938
1586867159466682961
1588456689239817619
1590020971135807325
1591804551705626949
1592490631973565696
1599064051946793018
1600466316377171703
1606331116712134129
1616673503603746579
1621448023600190776
1623825476337823896
1627552217484753802
1637548649449943027
1643069863409369813
1652061547299343571
1652163837999927814
1654597389775983632
1657261302410333323
1659377692470830937
1662053830409336215
1664129430078124103
1665479654003144768
1666316267541402646
1683539456758672090
1686858587539751765
1692695578214000031
1699540915291551694
170049839042620706
170503776511490583
1707529736184800750
1710457282934408992
1713273001867496767
1714126946375208034
1717427123803460528
171821445972107259
1718696275570936881
1719187546354500225
1725093719016863040
172552593580649179
1725777555548126429
1729358731240541415
1730609869288247228
1732910390930687542
1738772231877131134
17446068108570562
1750316966964083447
1750685143983895623
1755597163577106704
1757345728616942107
1768315319243936481
1773408432763683423
178828501781681787
1792232768959123385
1796385730636124380
1797430165115124591
1799711146558810123
1808607659247495452
1809033915196334585
1810458948411138102
1821181930093648527
1822153153937600509
1824942667588219358
1830192789454332616
1835855902724380537
1843466298915473610
1846410052205824840
1846532270138699125
1848304393549972934
18489558370176364
1849341503125010710
1850476180269911173
1854691474453668555
1857514326053415126
1861576641594516747
1862858781410781036
186459419609432281
1868924635532826250
1868936485373193780
1869852091582519174
1872265651403531922
1873255040606695986
1876564437953777767
1887994820646624804
1890284862421044994
1891092823124378541
1892248602769633870
1892647059233882388
1898858179366363112
190661929949023703
1907423661249774310
1910083524212679185
1911697249285130914
1914972669838558577
191522341032476456
1919048721090750971
1922630385267882572
1936420074209341234
1936744265263484673
1944623112609965332
1945390216255452018
1945981809634944636
1948692979947908751
1951796317755349389
1952278235290277693
1955645618980710511
1959801610285324647
1963246271389820881
1964291995017872767
1964938831544298960
1966656417792945608
1969083300338470423
1970850634902643314
1974319971304968741
1975221795028193783
1977538668176001137
1980222696466172915
1982367243271414387
198704823728435425
1990764098578564250
2006714665678865369
2009741954036400693
2014279878810493763
2014745952330485959
2017089105359625745
2022132050081836922
2030190531645138465
2032894617718182411
2043428951028749461
2044146115713060239
205218619895754617
2053751794164571992
2057509912315243581
2058352957804323715
2069486913009016287
2069832559435830127
2070318478234670822
2072385202324001573
2080601429335804963
2082212321354042477
2084311347191791917
2087340623185602082
2089926615453826592
2097392296759351651
2100360017164669858
2101441100525506290
2103073073799636547
210327243110421410
2104807859548338143
2106908878293614883
2111860213539654483
2112219684489695959
2117185539061495022
2126767475249688973
2131824507422657362
2133967501149676751
2142154784821656455
2143790224934755041
2150152986422544054
2154067323929469198
2155940257443147722
2156876688240516188
2158489197147315124
2164006028874006934
2165761216191424807
2167171609679390361
216796438709472765
2168030060782762281
2172436933311269623
2178380877732711578
2180206234364859098
218058794253502745
2180785306696386482
218281162352379817
2184602618743207522
2186025754385462788
2188023307600516054
218988869138607506
2191371175070608518
2194470418691466040
2196439092720102545
2202058415078897249
2202465151112211966
2218095024030738076
2227105168839040733
2227920884026360946
2239883848991404562
2247875226384598541
2248090403115355702
2250359287831060267
2252181821789917017
2254496524218027715
2257286001411756260
2258371023770891232
2262818999805194550
226487221075894673
2265641823804214251
2271273417990911063
2279003842930126150
2279399233557779681
2281701619927600104
2286923526422223252
2291052333514893048
2292135520562911766
229555979436014069
2297969453838270117
2298465105336561685
2302782930415341867
230605442642655483
2319069744151663629
2320693140322214743
2325935299398720452
2326763807431731515
2327634156089108118
2334111759638216987
2339051129351943550
2340009798761833525
234021667408633165
2343347035748227523
2343750192050162506
2344698592000413239
2345179655612201235
2345340209961569576
2352012500429206986
2356171028824923899
2356277832239679950
2359101164098920435
2361567012117525964
2362247099049636726
2366571765422596498
2367550923537280600
236791976360538854
2376139889668183375
2383140397230363006
2387886399367500883
2398554945279355225
2399331374456212469
2400411310893637013
2404847818271252771
2407229260842105588
2407566485357482270
2408077128560678077
2417812683175377708
2418280126604142308
2419706081160656678
2420566356601701534
2421912927140117564
2422770106847564273
2423684163330846980
2424706665980076709
2424709379226375690
2432091868962544921
243328173970358792
2436557548335905185
2439143492845063937
2439907787372092439
2441207301696409184
2443326865290896197
2443693215993834997
2444674422911559953
2445759513115697224
2447978194961496728
245003154915463106
2452500082991295198
2458261143975359490
2459605059092576375
2461406114837879587
2462498250128946127
2472929543137439894
247412439580474243
2474154225257505431
2474657696670681461
247809899171214621
247892281816111684
2478931582172487054
2481172053608304270
248187945335486231
2491409674826258611
2492636675681165587
2493710448465119662
2494154301428953299
2494304419707479184
2497164664476527915
2499143196165810560
2500690472429125695
2501171673661345423
250415327734768755
2509338707617631022
2509513359004180703
2513068633979619675
2519052848689249741
2520835883974212548
2525085164732374458
2525568256147530750
2531722495834706028
2531921652900422226
253589773173807404
2538086654924434022
254006630812169714
2540742682796786666
2540771747752351411
2547382020739421997
2552303842479335007
2554519978346382373
2554785837173805007
2556400247449737710
2556629988477469312
2556785336137912650
2559494435185878504
25613379425266275
2564934246041131010
25669084422005971
2570868362780994020
2574852141383900750
2575977583830016556
2575989082361933118
2575990704434413233
2577333383503609414
2582682746631791613
2585848913186387459
258999002592405987
2595173097436360112
2596206950628264733
2599090456605189752
2600214606242028062
2609304998915726418
2609385285873962192
2616341948718620042
2619312032934009020
2625502854532337947
2628394981404272559
2628980856310571667
263016764388445621
2632414686844830819
2632821193130862510
2636508046716311806
2639947190829377454
2643158529392366077
2645614730454561018
2649217631757184965
2653714708137940248
2654275763509679386
2660718600744162017
2664555752277319279
2664685742988129862
2666371188314205652
2671456466404678283
2673550163000575085
2673895093359561437
2676250157363549561
2680595150751577217
2680745338168942812
2690243168029835152
2691009667753344247
2694294546540854493
2695845736354642748
2698014320031511736
269818029907468872
2698394369922872943
2701193629907423102
2708507339662929596
2712621556392493486
2720319170032093918
2736401975934438695
273724924629102783
2740488049486549594
2741255299862795616
2747499235307004600
2749174079627898750
2751998003204347299
2752850208841198354
2757918071566165783
2758411896512702887
2762819721065863561
2764518440673813723
2766153876356188837
2768969158356665357
2769398908024068427
2770325363900028997
2775902711633991121
2777908492647305217
2782731938580553329
2785518262765478372
2794206489175102798
2797448074377432171
2802177576823171664
2803090740139359055
2803215936086093067
281169234498556034
2812628378314501731
2820500192871762533
2834673087264027882
2840539527348122008
2850074111723666305
2850316803509270716
2853170480340668359
2864077386674504852
2868128607855927933
2870722223030659920
2870769380262682727
2874479997126831465
2875728300526293558
2876556296274249143
2880000715721446928
288189441895833638
2884730373674790238
2888174993218861071
2891557494095152989
2893064448794749949
2899103357983498322
2900864227630862134
2902539278093140732
2903082600779504813
2903440780097396407
290494629354752487
2907963646493148148
2910156184482404262
2913508705756819986
2913619938665672897
2918880036127624513
291970349796502347
2922337863014122127
2931675530180861391
2933034647843309955
2933054390313322639
2935360675470023060
2941965043069792041
2944214485579022105
2948112131672231064
2953225063572211552
2953858215794975105
295603163209007663
2960594765593783111
2966367665116752890
2973108150837127727
2973664024417323658
2978398212990628336
2986108789951086223
2988646017436851223
299505482767724962
2997581682361412140
2999619045506430161
3009403439430088015
3010128397760397280
3011770209015990836
3013529407689101761
3014736594211836369
3015072175382273889
3019263654302806171
3026006118815756173
3030116028285701165
3034299152807780982
3035171785591523301
303806073199244409
3038502121615226375
3043113543396803591
3044669683102130067
305324605863505032
3053563003238140922
3054882872925474300
3055693367841666385
3062344515181542959
3064910991366894215
3065318156351091371
3065821330484083739
3072310624704021063
3072895861725548431
3081603561055913958
308262667125425416
3084303274601025994
3089259340939895017
3092971124423814631
3094032312254462134
3101932389734366718
3111735727591295625
3112935187465052124
3116376735223233554
3117626181779527070
3123332083544288248
3133769271740902039
3136917318811357903
3145329175528680086
3145971926443999476
315832891566322925
3161217343001376844
316122396520583285
3170837654370688361
3178182011401660979
3200280687409331748
3204920918917997270
3205019582466766055
3206980892341391067
32098345398178879
3214788408373861256
3215832225818240181
3219201354786033982
32231078330663012
3229931429071122117
3231137533127159509
323492265044397623
3238280164880673847
3241946519744089420
3246370982107383317
324801213056449959
3253132930424718093
3253177042485672009
3255029581281390181
3261195265500228021
3269141603331095782
3269300473974221443
3271755364073512779
3272543620700357558
3274440227649119419
3276983668974871467
32788716532067650
328782785356003417
3288263592388098720
3292553134147716023
329426823425170823
3298438008868040963
3299863920619293096
3304348806271088437
3321786302869868017
332458663819967657
33290485304312077
3329288207652010755
3330389528583040640
3330959635674918377
3331768457831781604
3337430662631795679
3343238849655557728
3347769839798931422
3348454895788217731
3348944340252810035
3356537461378549007
335751648391499083
335828812387156987
3358637050078703834
3359212057910444152
3363808931491379088
3371259424073601080
3373470695039518718
337938936608192284
3381355688595222141
3382587321113939462
338481935285764151
3403763136980513108
3406599785058957851
3406880020979124420
3409000169592977449
3410792294905889548
3413298230083073431
3419802703901948747
342822208435769823
3428866790522774530
3433706595088574734
3439268882751700061
3439965496619144231
3440956489767155266
3443246060893531872
3444291266932315126
3450891153506398181
3452434699834459824
3454631556983357564
3455754663091537824
3459966156513847451
3461398699110584370
346247921040672348
3465880149361796901
3468202998407709150
3472414955397011401
3476072135175870675
3480076064550622056
3486701746662993212
3491648028332934144
3494304590180704902
34989479442054239
349904144614526974
3505301576226267783
350720859124347215
3509930091688234817
3510554254009312016
3515322487862609401
3515458705254948662
3516306498036599424
3516581811207496528
3517027496754496473
3524813736887310714
3531613161020891632
353292899898635958
3539447907551195742
3541268980816660495
3543621380821536915
3550458436570877656
355577368604519980
3567538127320343651
3569405693566319288
3572367564393938284
3572566872346296899
3575905597909764694
3586802420464107845
3586887386267340789
3591173785605806289
3592852218184591612
3596134201566123236
3596741868144392363
3598184615233725940
3598333698841162153
3605235322137067661
3612571604902129360
3614568208581223403
361583112262410587
361733818076295475
3620542240162686969
3625863305213023529
3625885871679352652
3628130916430439847
3630297586870480732
363446913574144389
3634476040677319391
3634592912159524180
3641071135206731137
3641148449705190829
3646417780053697087
3646617691110370447
3653083244841213027
3654934148904708197
36567074348886626
3657563081436796875
3660571023242384788
3662711985080457074
3666117868985624610
3669789258308407435
367285525952590564
3674279264409200544
3678244575021901135
3679513345908230234
3685001361074900816
3689446943719284917
3690469875681525919
3690856208272844865
3691873289261881235
3694294293063011055
3705707816407326874
3706469118972497266
3724015741549901025
3726488856507872432
3726951476441098237
3729529440893913270
3731679770734284840
3740001695457488861
3744980044185521997
3747682823500406675
3754105251466817764
37603966576897166
376060273940317323
3765211956015919554
3771395849622063903
3773142014629998502
3781114141652721510
3784446357928211716
3786865654677801756
3788002462252413489
3789472475556097043
3790141674127541453
3792659598243374888
3793676833270128925
3796090811098331366
3807264586816662155
3813038288907259581
3818832907880948426
3827000656991934513
3829959884412545166
3830814986178734547
3831336407820757452
383247707667157028
3833912039227860589
3833975541737203933
3837369578580401264
3842642020991525836
3845377894882633849
3853663100239123234
3864205869151458958
3867235477735094487
3869919865315363838
3870769277194648368
38811089401166178
388237980359416684
3884432061151773621
3888613909106332843
3889512966648791224
3891040251205472635
3895134544231124486
3902215798672277228
3903101772889444909
3909466282936361384
3909615297404827131
3913779974854019123
3920531657295627543
3923205954452860072
3930168973241524339
3930369691925482589
3937367044103205241
393909070025681707
3941316730628017062
3951492138709841311
3954120359126796298
3959107611650943703
3966319144018945749
3969478889698915208
397604292354315636
3978829400466766022
3982519497944997162
3982597353502955232
3989951948106920393
3991050804254385924
3992172892338477926
4001855450449511029
4006845941271874148
4007667141409018779
4010240848707818594
4011057906884570313
4014713511841653623
4020913794792630632
4021754650255238870
4027856026171660084
4031369037301743048
4031533157158857723
4033766888908897000
4035610398668168117
4039658483773565933
4040809034716719817
404767085984523829
4050890808914010541
4052969620059228843
4053665721777577632
4063809030753604209
4066459648410814205
4070220687446794653
4076472443668694947
4077880750736582154
4083105071538392950
4085184884734014844
4086194421203434252
4090009051761742131
4091210963828705670
4092345297210252532
4095084087891389422
4105906535262722873
4111898430798131125
4114844879520658475
4114924163621062575
4136645061343155783
4138181164150638239
414405467056423689
4149250273035447072
4151946851110857885
4153703430298758355
4155172753240287083
4155643976485488932
4156150038983500179
4158743770663274142
4161486960141728867
4164936907930569859
4166347852520719165
4169647672664456587
4174425072205873808
417533641006231177
4177352464863687633
4177406627009297761
4180938649810609206
4182489251638603101
4188332369732836228
4191624537976824346
4192929782673369941
4207365246945038591
4211820903462774451
4218212198729942600
4218841475271241463
4222262537878188130
4222964467920473696
4225682145702564011
4225904063784607259
4227190856572412707
4234362419616520285
4234585913807213801
4245577065963678552
4251622713146241638
4255953126838441694
4259281319809610602
4262720995433221178
4266379341518963592
4269418387244805224
4272071429504000298
4273702783247501721
4274546379838768679
4282221775737129521
4283443298657192531
4285812271935630374
4290008481799423524
4297471392645451866
4298294395070286609
4299017938887704163
4304540950315458531
4306862574801156492
4308411368870880595
4309671663886157018
4321356451567462955
4324890583591085213
4325506234799045169
4332258915912473385
433410034565133837
4334517781879882360
4335844780647191997
4336332061366471227
4338308434452726438
4354987850757408420
435632689558531729
4359502873381171583
4360091820186918194
4361275681609631850
4367188034988034004
4372620708112610870
4373671172566726458
4377017083895665294
4383168490286770294
4385789198750481814
4386134921266654200
4386885371851509195
4388499853860119930
4391474570608585192
4394486575899673205
4397093647208753201
4398544095158342905
4398620809372047945
4404591103564349178
4405785613748748820
4407416566126441531
4414995285274439428
4421108132200944503
4432249518754957950
4438795782597629472
4440021901148368647
4442747523545758074
4446434054851119438
4448554715183412240
4455727442007604167
4457723341766615777
4457964494842145498
4458536943765980821
446437124032504987
4464667044946317190
4464788884301885138
4468691755584693697
4474524579548693198
4480321528963276468
4481304421237680335
4486361979827686268
4487368457979397702
4488487531375955505
448864049906363038
448931590950957558
4491928200398288771
4492136363042388275
4495352207857436881
4499399248780122636
4503511963811465071
4515866917727062629
4518441474620665977
4518714591704217763
4520354410157216252
4522637469575316173
4526123495354524651
4527682463242068221
4527922891454190341
4531174512872973350
4539117112711300789
4540137166186805424
454288116536410946
4547354847812435800
4555934074397483610
4560896526010101977
4561211363885689838
4571923069591447896
4573704958466108228
4574195150328115134
4575713081248124690
4580145603768128513
4584538959706516406
4585184446305972159
4588080387056517966
4593108979421647822
4593830535192461999
4599003892376654307
460052407622770605
460236199138652372
4604768673904977649
4607152139888433908
4608416583122042255
461238205192471362
4614252880667892974
4617731202210686801
4621428253088925027
4624175191143768234
4628989045627375400
462936787336314388
4637168631279639724
4643067669142842702
4646542168808418447
4653987322736342716
4659370206598898419
4661080724237102907
466631913265003538
4668251988406561843
4671679464797519965
4673192005967063171
4674394601560722762
4676445474308984147
46767052693753932
4676920005121898950
4682150724119304192
4685152384771245606
4688251696980823940
4689183627844389990
469234576044501189
4698969985588885821
4699854443381981038
4705336268364354740
4710754529034548351
4717185164383503507
4717239361830079011
4719046717286953609
4726247491055819737
472916603154447599
4733308784485926033
4735209100713595714
4736672886880943413
473732770385413759
4738829744854907906
4738960195885779959
4740524172658814964
4740530852714479952
4743198823787303479
474815396881105731
4756492786669525429
4759387600736343502
4764449290112211131
4767766646008899561
4767988597512857945
4769819553008337128
4772431022188337527
477399679972866406
4777072484047040384
4777622802018968138
4779658709613809227
4784157625222517412
4795088225693871605
4795262496195044395
4804205452577459343
4811635907043320880
4812290755394822163
4823799627226114026
48274815818224137
4829841190982414694
4834498447458434933
4836766149312245352
4837082692439034700
4838210166549460778
4841444129181993686
4846860081515366622
4848398382408845979
4852217931331786010
485500839874401263
4855595534688360601
4856256733101321885
4858306541006450439
4863336504624689342
4867778269121711388
4871851783085203477
4875243645187822601
4882350271301773958
4888753876883829109
4890296300163760085
4891536452412848716
4892305940950808622
4893433189750021120
4902732454689164090
4908658352374204165
4909486206712407656
4917237112763748042
4920905367755832446
4925404419187788651
4931424812497678038
4932485690822441863
493443549958551742
4938937556405121914
4946964539102900927
4947606544051057974
494897558013134896
4962041371944164145
4964801227236906211
4964831205096623817
4966204340777973348
4969037080491938674
497107463952358256
4975481263597702067
4975771368780791916
4977228245697572752
498113231826004976
499025960673298780
4998981555209151418
5000369716490588067
5000921909474731073
5007449524571509124
5008918851384732891
5009381066273792955
5009457813640719627
5011672072884937684
5016916069781570740
5020409623348567527
5020558439077792188
5021758139201084649
5022273659859135254
5022692424275569010
5025409997383444730
5026787619232255594
5029070571763963640
502956412963389170
5036116925061817882
504086116026417812
5042010094550893909
5049218992804395367
5049649567454897139
5055169677347106873
505750714825767357
5059925615671720574
507337783755739257
5073951740651179941
5083190247450259055
5083618145303529893
5086635176500607806
5093148382950472901
5093872654198307836
5095144794741559334
5097620805318855632
5103173729109218092
5105016970086154433
5105225168299396721
5107336612814650035
510782801466272203
5112026756570378285
5118076600698300065
5119062862504837051
5125072523453511993
5126876008495156945
5128741555316557346
5129104671811631168
5136484467894536449
5139786194010889300
5140203278387953493
5140398746563799981
5141204085076437059
5145222900492422550
5148991339095747793
5150786128902587407
5152744553938003194
5152789622302022274
5153514729576858916
5154717229838117425
5155554613974691328
5156034461454066888
5168756990624703235
5170442953719408926
5175573556876115535
5177274252641125149
517789190386855474
5178564972102512483
5184009332390629399
5185032147076913408
5187188467304351512
518857271294904824
5192260502492959538
5196585269290219063
519801378466270360
52017110779915673
5202231279152809006
5207431774832252543
5212366119446697951
5216442076371807800
5219512868467742883
5224728174075348668
5226729046326590474
5229506136168418433
5234554710726658358
5242267978481970512
5249109167311301532
5254966641246814155
5256171738658429814
5257098751949992704
5259504266870046402
5261736859234765255
5262170612940718924
52630812460844667
5270230704373546765
5273882507984826185
5273977263502167693
5276155684849253974
5280682532887164423
5280767534257436855
5287780571821475563
5306066741953727547
5307471956786809174
5307684533995679938
530843506035773831
5317914852332026731
5318995457918208856
5322668712220509001
5325541481486791339
5326514514583869191
5327116145242657442
5338046093904827773
5342997115427577293
5348209577533892851
5349285551590484769
5349595510816411395
5350331206503090575
535338247191810929
5358015814477508226
5358652119938429224
5364631838328882305
5368405423432068739
5368876173842563737
5379803250352332541
5384982984411044820
5386548291921998428
5389863282434191798
5397390121100149522
5399112550013973842
5399926865682219648
5401909491894737975
5416207850524002055
5423182481330801133
5429293581046698776
5441780249309840978
5445407977436465537
5449120664796661168
5452707958954138484
5452784844417365692
545951582187383698
5464600883150732451
5467953164654003185
5468700356854328384
54766434508206806
5477021340514956016
5489155645277425612
5492065909939716878
549785972233258861
5497898333696231331
5502072238031322534
5504254615956032591
5510240481050491121
5513468448288422965
5518989626993575842
5521877641302713547
552834118560244654
5543197435441565119
5545864864470734660
5548146770176017517
5553330837340477144
5561399371048889041
556938585411918716
5573511332574238821
5578569923291769770
5582599253969824398
5586083481745685167
5589562897248284531
5596693180693418107
5599762480154263911
5601048205880594735
5601111741809762207
5610754179226779859
5613803345591702268
5615521355359063517
5617424662190009042
5620018493715403553
5623177990140710150
5623678244110718702
5624337815816123235
5631685920982089431
5634294949045726441
5640328400831870713
5645775827001574602
5648399556114941600
5653018050157119259
5653570350089988030
566448940465508461
5664579048895281228
5664843864633239914
5667950846857774872
5669619406546952180
5676351753809560278
5676785772926720994
5677771857637540887
5678932902774063801
5682045163069788753
5685416023161352789
5685628636180626661
5695567880221101414
5697607492937362025
5699816496011184697
5704498570288566358
5705818910680697359
5708744734388895850
5710332174428141213
5711803174618574623
571912273660250432
5719513596739657510
5726032201323638728
573250395558784561
573460101288894593
5736897998349363767
5737861232084621154
5744346401244476198
5749655707679664748
5758666393129357869
5760525800477108248
5764066045850619995
5765004128376485048
5771165010663414446
577443168210585867
5775512895601155425
577604090628457092
5780974665759394785
5787542677070918294
5787715292139686456
5788845102676637266
579113920720786106
5795249123832181538
5795821503968124781
5797777080047349790
5802385919294295619
5804247825548498520
5805770354859315436
5806876209064589654
5813883112810823343
5818131988019417377
5826022662322269366
5827995882539617250
5842966913370330080
5844696147320624
5846332647904406668
584647313776954470
5851067765794030794
585248768832085082
5852753203907533602
5854498990861869874
5854946381876372534
5855542549847441820
5856188808821287213
5857137466490547526
5861540401739015827
5861876018478589987
586218405694542365
5865776100390485119
5868226828711382164
5868376739653408975
5873618897062110866
5874320917279365982
5874365076797029325
5879716772573641835
588567774136656650
5886374351096924559
5889139869835698537
5889996833616945020
5890664404121120438
5896773100212732196
590055500469421061
5902810684058804384
5909870165306344937
5910373372592556889
5920225896120684542
5920696158243066663
5920849807814470762
5921436610590373125
5923662623338789524
5930081580533104150
593611883959818177
5936546283576348408
5936855801162909723
5937034281573770825
5941379688851386285
5944159664493819845
5947640881809875365
5960793852140286037
5966943593256123471
5969892435715468929
597860982883952299
5983523870410955950
5992133026141707736
5994376244879246280
5997674967784046577
6001082426735014482
6009802487725881068
6009956260539049515
6010487192469550799
6013033206301973737
6015459162239690100
6015842809696972258
6019418141697038282
6022666276755360809
6026294132355443094
6028171656584587769
6028802381007973249
6033893127314023976
6036713241011579959
6037206436848288084
6039523734828725167
6042623385837265801
6045811002281953215
604873337514547447
604959846401693255
6050976308587133118
6054589592324844971
6055540231509001589
6063000044587447016
6063239483571104250
6063854874010129306
6066457284828720184
6069348271925201019
6073888520159464727
6082341904193005669
6086002456683980763
6086924882490865414
6090610746504370564
6091218098398003966
6098460375331999564
6109625928681349753
6114009834884698047
6120522425949195275
6120643335525524866
6122042409566399702
6135853845006762222
6136507162552452574
6136531059079941674
614474943324836285
6148200360460930381
6152111277101758493
6152443996141034091
615324711523232024
6154663567683446633
6159777587674645772
6161852486005731671
6162794505624975445
616819453219417878
6169412539940471822
6172874415907422651
6173232556797808395
6177622880856403509
6182019727028953627
6182525765003381420
6182979135383074951
6186998144602996159
6189501483759893062
6196357255684225184
6200795928259159475
6202594180970341691
6208969944783190779
6209670371305153218
6213489063636443123
6219422052228384546
622954659383190176
6230227970959330365
6232424167379557666
6236262859226552351
6236429507706595552
6237833863145826146
6240216628950026780
6243329648431656510
6248749406171781004
6259517758527211712
6259667600363822237
6263165371401432447
6263794485903640016
6266258575891423937
6266748055656983665
6280357956403989009
6280762445400554455
6281989403401036450
6284857033258171654
6291340016685109170
6292180094955688537
6302020472555801873
6304108400739492766
6310742496630460339
6315458062516015318
632158496151573227
6323345044078908133
6328788353284337653
6330847766136124494
6338953889920659970
633958553226542878
6340082485008060004
6346078185883045082
6350143765836270357
6353001066703426156
6354050153826003740
6362418224127312522
6363641113668677225
6371005928266966358
6380980957722512693
6381828402872910475
6386087671166165097
6395732538875383414
6395742601958766280
6398968499954469286
6399875915426846393
640125911573113025
6403823577836074952
6405003519974967547
6405326280322379803
6407153869249333396
6407643271701066113
6410816063357339434
6413650661015668219
6423466409155057489
6424846176852029434
6428232460576740030
6430496097685642784
6435145801234086706
6435265284965132891
6436513309072028744
644038872694645513
6441926286176293895
6442292672178100919
6450752804467481933
645181247387611105
6455726521996252559
6461145592787149921
6463636218535249515
6477456630742882389
6481442075809361913
6481860588153352859
6482254650205796976
6483975829562199961
6488208517421700784
6489166286538950703
6490572283595212689
6494022792852604101
6496120304273395407
650002066085119948
6501541694101043069
6502022928753080781
6503718953550880334
6506107844830334826
6506525894684844832
6514776250327567758
651783827870703792
6517871096434590256
6523615492000077891
6524984800647764284
6534502668602999347
6537672007706015098
6538802324403185185
6540581499181009838
6554159827343322517
6561711435221016409
6563533692564352836
6565736503894174118
6568247609316683815
6575413977185547055
658330190563200680
6585993596609120687
6593684179693323248
6594238701922884110
6597595555216588730
659818909590554822
659992868662533788
6600934937933301084
6605172662589713120
6611375025237743594
6615028822963302209
6617479687388268622
6617499389943949074
6620724040006996427
6621755381287863618
6630475693539339956
6630860344398445530
6638650250160552938
6641989353960562270
6646227854594827815
6646242076385735120
6648232824136775847
6649912226322360223
6650502074082525458
6650924747990830158
6652161755462032385
6654361236459539740
6654968834257248595
6657211556691143443
6660319755493086138
6663187523862645790
6672146493314782039
6675624490310703424
6678333362549035469
6681156117828659984
6691851188284945585
669199478333787770
6696824780181328524
6697447342009345056
670095538766264885
6701726262419605089
6702699416945399481
6703132407747188374
6703323510472817400
671304929464157122
6718791672688529208
6726824403769396274
672895020348908882
6729182885227917208
6739772475171278555
6743149440255226671
6743494403765337503
6745147425790967023
6746464063470537853
6750915453787350368
6754282819826194078
6754627667446825923
6755568169191481826
6757446124294687198
6762794978231240292
6776553458615514055
6785739874011076895
6789973685106635788
6794483692004184440
6794501878268582919
6797661314189473317
6799540655457758123
6805140420256881225
6808152129039750118
6810552888594235265
6810880719880888182
6811629048595966890
6812498881706103555
6817477437792570535
6817711125606078136
6822876755800883625
6829769147393232981
6830263007906815717
6836676059673275913
6836854002352651105
6839991039004594367
6842778250561392286
684473231519247635
684710992353210960
68482340128281839
6848237312105562575
6855511445976959335
6858771497467325859
6863107701954365145
6867697319346843320
6869344072414626861
6875968637620220572
6877159996345381780
6882630281380550208
6885704785652977954
6887096133334942230
6893209952944814454
6894512322820251342
6907507905560259889
690779345622486635
6910138812120516314
6910972743042476493
6911172049205438765
6919989493807624222
6926141970985255686
6928715094738928895
6928909464706008259
6930573725918835448
6931657648680958839
6945850302975002905
6956851248735991368
6963281875798116006
6966338153605615905
6966891640046222704
696883196750813195
6972769621986545077
6973137763707749125
6980228427349435404
6984372343390633305
6984503703561234692
6985562666475027543
6986166148057058218
6992958875819220162
6993306431097691816
699485823137303647
6995651602539480205
7002704813322407530
7003906429414513465
7006134173052495812
7008436884137074082
7023250421374890793
7024739424933916278
7030408815231194194
7034515502663111543
7036863410402209399
7037695585824691932
7040358109740788838
7046950179133739974
7048072177127370656
7054897200236008842
7057325843191335556
7057862833847183051
7058995569035696039
7059563804276202393
7061709986407137006
7064211820169587135
7065364374981537394
7066458039516975911
7067654283495308524
7071040632823841728
707229484490479870
7072607281345518806
7076718552851795055
7078021310672479409
7081459464177763871
7085055167404892312
7090698538919341679
7090929605649450036
7097796333521947042
7099610803997469243
710534471884110648
7106741338459847701
7112737507782473792
7116623710554227782
7119206219513644152
7132144116333806525
7132982963727483829
7145847468792852251
7146291022972639470
7157072737716558297
7160666985417492742
7168374950747388833
7175209646067659668
7176500771618696911
7176982655734063231
7179447303620441183
718271295714338716
7183517452395073683
7193992353398102914
7194805070205427153
7199580270450975434
720207937153748129
7205488155348396912
7205626141132714429
7213307389434577395
7213307909998908030
7213957009430307789
7214375285076137153
7219073210553747120
7221076033924491933
7221421647199921197
7224180763588515881
722477013611227260
722764125689928357
7228680115248607036
7233928617187199619
7238692844792354537
7239631951566102482
7243878431914487592
7249679817134150950
726482333719978932
7266113097336503143
7270948613531974826
7271560665686212830
7277078904475196811
7285665436911893524
7288143229931578316
7288338837928888686
7290790280870268402
7293107741378881521
7296146984348416479
7297282356568634905
729812298005693933
7301478763751655407
7308555521080213526
7316550743954246797
7319556557375987939
7324955474880835053
7329729631676549954
7330519987460815040
7332984015602115278
7343122302003118669
7344832683017113477
7345625079762836949
7350816745259802087
7351156416719852176
7352569444024347173
735492054968589301
7355498469305587953
7357618363648308635
7361374301748823144
7364095096665816030
7369684119312585178
7370188416838260307
7378493586983458710
7386182544808593978
7389579890239046457
7393987835924209515
7396489508694218898
7400962712863944583
7402284319384399961
7408448768912979597
7409129750651726374
7415513322262246583
742276963337289815
7425019945363312448
7425570401588937462
7427637858393455929
7429174061021418434
7432580213003121180
744065504577322368
7440824738636478731
7440956030238535000
7442740593016937680
7448020970263636493
7448771641633897657
7448904524287752197
7449521594318456632
7451810375808666087
7452305991739656023
7452738333076835382
746064087462061901
7460734648097489069
7461317356756904783
746260758119050339
7471751487929042774
7485669686391366792
7487370519570176470
7500882990957541595
7507226577937579981
7513041337588061770
7513180854933091436
7517704215975608120
751816040989895085
7525134302745683104
7525344634991250031
7534325017602000758
7537914594470223981
7540830481972940333
7543314677522279779
7544782441112799854
7553186574395294356
7553512422344445901
7558252374860649663
7564445541194514209
7564756102750243541
7564782913349398929
7569345192640366804
7569740874047137565
757116982920075006
7582131948584523855
7584945454443926096
759336322198064736
7596463895258066804
7597838319931246631
7600596967085820068
7601782521618279789
7602040502513459427
7602071980827694164
760544255952532298
7609325238590745504
7614477437881117953
7615078218813458393
7615203266543116170
761743320616454295
7617756195652220924
7621551825645413355
7624800675503599774
7626293477587560222
7638112525344201612
7643327764040899118
7646726239328649114
7657071723753748784
7659447174816378330
76708586368528230
7673567819781515373
7674241609745103951
7674279284230182748
767546422972987457
7677383058348280532
768120203688355344
7686394156638024339
7688400963937144109
7694622365706514689
7709021587877942721
7712153347118716487
771281975242663712
772214725716788732
7722743112609097322
7724491015540975525
772766494014917804
7730675905338109370
7744108138681628969
7750401609172574727
7754892164826207508
7756330180834304555
7756891045092990043
7757394902142423787
7759543083033562329
7761857122218768972
77689188979059870
7770863288344222394
7773095772273085349
7775521389895849769
7776011299417073576
7780289425648345426
7782277943001671579
7784582215315019785
7784941005666637497
779102264509883313
7791388133993031253
7793899723815216698
7794717202887941318
7799046338711753335
7802369921809933300
7802500527158741656
780427297210942654
7806631544007708682
7814781062562487464
7823213466598741033
7824870233881509066
7825199732200582943
7825718067558744914
7826271737284518903
7826852860919074678
7829918700455596565
7845579793005980382
7847108727757384170
7850737269059186011
7855942186637850305
785758995256379826
7861527979748261755
7864952075337223816
7876786105668531086
787735710988328316
7897623428485516068
790064165002537204
7900794974696304462
7904035088685759434
7908019951420038454
7909867275140691130
7910369112558229749
791462020129004771
7914658873248097414
7916044460456406207
7918935178642024842
7919428249984635023
7926047868771356293
7927014756452444499
7933605242977940392
793960967065213833
7941785520149935336
7960233880781185870
7964518244064240147
7968912681434651677
7972347977149997903
797565743541685089
7980794665919741282
7985044748405926207
7987329110911494114
7989810783023756746
7989979716532915207
7993120493003200004
7998775236104644913
8003279520237959117
8005734029232164414
8012583698499150911
8022081010817465203
8022572246300325315
803039679572733664
8030845503571858612
8033595513055382431
8035314496372167871
8043155963976797025
8044540569490582747
8045079552631260675
8049650382739799177
8052719919836057149
805521867620446087
8055339781659168643
8079979777297717411
8082944745908124983
8085752244158712429
808604432402643853
808804793239172413
8095206261980533945
8099790091412844182
8109743092505772709
8110371864532134420
811266637664474266
8116872593459010298
8121713120315386146
8125098872876962281
8125813193684256360
8126483521487527241
8129210971188964630
8136544502584700853
8136630975904538885
8140882050086194827
8142867978886467131
8144764642625020755
8145327165774596822
8147929753061815207
8154255223718480091
8156910652559269205
8157347880335902565
8160583341989660957
8162584624211692821
8163042132971939275
8164674059979214202
8165013714154095479
8166077865926869700
8171299600324211494
8174114398315148650
817457598242073935
8175040569022335709
8177343165301467333
8180975886215529159
8182817530576919294
8192566720671925275
8197845699573871705
8198618834830719292
8210243185123432514
8216650683746626134
8218574787749867278
8219534012749591742
8221329583017446349
8229251256272891311
8232583118805162563
823610297788049419
8239579123068923776
8244184473633729199
8248666508319743418
8251668768490543054
8255125025153112443
8258153455704003826
825990456820616896
8266424191925486869
8266663512298066622
8266979952414738035
8269262008393288769
8274564477843042061
8275571116791961102
8278858518457249898
8297700101072507655
8299882850931231707
8303716722927602286
8310655182217987461
8316982018291817029
8317097504626819710
8319010287669089737
8320398222565644423
8323759454407894317
8325884256326587252
8331426680547256448
8331559067370503203
833186088614785933
8334564119484059073
8335069677444064624
8338023796417318095
8338224124102460031
8344420003577399392
8345265257619195870
8348590109500448806
8351267368270712450
8355923156155903923
8356831712331036468
8359378810162848036
8359867150702315923
8361862523762035619
8365712828014037149
8365776747118560813
8372556082018184236
8372688537409845361
8377318204362297503
83794860346947303
8383179279209608032
8386602737036741684
8387010232283331827
8394201183040619406
8396604193409816813
8399505342937872846
8401810410067634385
8402569611200358752
8413325624182048302
841495029566295747
8418505845786427713
8419929274782375125
8429339727393259991
84313127046716074
8436212098843650696
8437337373887715054
8445583942935318690
8447435827429837593
8460544943625399000
8465447354410445663
8475872564412820318
8485082195562972750
8486854347869351677
8491327594934737386
849385562184142638
8497841368260124177
8502587634236043679
8511779064970019182
8513717752729962133
8522682592634449194
8524496329761418152
8532420708266458472
8541038095730789513
8546389140239074103
8559142461272520566
8566077511475081620
8567200502263774699
8567698725749072281
8575764758293529679
8577821922693979818
8580183302856612940
8584902352518213192
8585549091440543479
8589401678899747155
8594195288329432039
8594409373600261463
8601158027489069678
8604548332589233604
8605324908807050683
8615313267309042929
862764895414800299
864059782994561903
8644549606070659635
8646168610596392456
8654530314227559566
865799763953420945
8658982923314998083
8664625731408500842
8664990380251801311
8669837514471998157
8674612671545851352
868008358697418047
8684680757376215394
8690377129877885092
8690588712175429340
8693318978328283124
8694648329968776
8700442928188239205
8701398078366152808
8706828340591123745
8706884010287158161
8707616354982614556
8710290443803372739
8711233837385589208
8713275929098541516
8717887248190219133
8719095103595305677
8721852033223139758
8723054897948849447
8728610442757000109
8732303582282789638
8735030474920783010
8735269928136797011
8738362106814880614
8738466326307048972
874446531232960501
8744920490673509610
874891124379124972
8749504997974507234
8750284167576114865
8751923892979784873
8753224202078714090
8757352343195066864
8776731564374903055
8780140975442752489
8786345436863050099
8789151012819717040
8792650616273448056
8794449927133817879
87966562878605073
8798000019164701638
8803749315138605604
8805098865558147884
881081961194830580
8811100611070289915
8818823254869043673
8819102015547608727
8822830670501184645
8825637474221373911
8826987407254775399
8827427841789589118
8828552229842305466
883175291448267644
8833611965330938553
883712213449391923
8837422510651598438
8846593137254102656
8849048564175211022
8862586810547791844
8863083326003096629
8866322290134285497
8871449578010462997
8873500820991790653
8893096502232807841
8893300132547878064
8897915801663657140
8901525554260246107
8901747888937464043
8902948394353141
8906082768242880907
8908129055914023903
8908589517179883191
8910992201178809143
8911666372817386113
8911695089895149925
8919008352897583894
8920419147338101693
8930303889663631639
8936138664451257427
8939590277665344229
8942378086386844425
8943614218944063861
8944192761651257696
8946107490676750857
8946184621518927033
8950035318202982770
8953357388676687173
8958054766574448252
8962195758267090632
8963807005536942063
8964637015810379590
8965002974492883866
8965027967497469289
8967659454483179595
8971907210743484450
8976758861866481410
8980101176509415077
8985771329648824135
8990529763975839219
8990774636348828800
8995036198871954705
8999621801668039468
9010211892608377398
9010658808810598369
9012543528761193843
9018123746805460102
9019439288131687315
9025190497622733092
9026975087997105379
9034595014808546219
903709894706211468
9037333154501866196
9037341307796326934
9041313747880662906
9043942597235206458
9044165190285596280
9046393260213764859
9052122882880575352
9052442729910246262
9052884598819956805
9061327178614196559
906172779747357055
9064802736564710795
9066209281493541429
9066802220916726195
9067319621641409746
907152598818865119
907216551342944623
9077066539244294815
90778422646705424
9079813736942850961
9083534658640238633
9089513869852527236
9089878254927008816
9091166601030165394
9092776565490570332
9100280458479616669
9100534889490906580
9100885902377450803
9103799384723918844
9107825886459385611
9108090676693274777
9112810351515940795
9113175996378727113
9115629649732826966
9118707302827429887
9121874910591625458
9125516875085211134
9129287676070543620
9130493064114448880
9132794844521543917
9133893202246875826
9137031768171096325
9137298296071118598
9139382826337217326
914229338942388264
9145442888618822240
9148576510622873575
9157066253090294328
9162652794217671986
9166315537817248400
9173634578217232529
9174482571240204079
9177787397083866235
9182838961637335992
9185858038898956659
9186067709059667907
918702267963756339
9188817577638647835
9192457744998975910
9192610475811102447
9192611052199841120
9193790709360742142
9196008292396767773
919656098478284180
9217162470391078428
9218408697243640461
925743679373970068
934294468035349740
936919101663342474
938594013871923780
944141665545872204
944740991655364825
945294409444910232
946769609871226650
94778657514964680
950179168859722414
957565422139526626
95799815604376677
960869304453126321
965402126392544536
971305775480111342
973824367445483545
980264272477527975
982460468679526429
984230719835437824
989275538218035168
992696041131938839