1002961199553910900
1011056644594676601
1014296379054411986
1025308553166480872
1025704558843529769
1028946220159388930
1029935191090444445
1030908172145813573
1031292455437140057
1031866303825729385
1034434817899057034
1034571345994183336
1039893326016293431
1040952048143810404
1043451511090280405
1046703241358351056
104944215843289614
1050896779066953739
1054473562432013178
1054626424185918817
105566618014100592
105684243152993518
106182842968210279
1067997897261923755
1069349680838715693
1071358281940372947
1071844001209353059
1073860469409155626
1074672889072611969
1076121874796297604
1077528999088393951
107800521050420824
1078332891840281919
1078967468911610340
1084051241042702473
1085775408051330991
1087152202277062821
108793610470559611
1090611272214778195
1091126312663084356
1091217832031577523
10920100216507533
1092521747225286127
109378915379774131
1094387586999053300
1096012179746450838
1102630276411690453
1103916587898326460
1105144823900161322
1107448969065146203
1107985797252240016
1109389417885536780
1109950659056967844
1117052889330220469
1117189309415156821
1118410362789144410
1120498197850206582
1122201358256810449
1125384583710179415
1129336796000522609
1129588259595930969
1130491632472825733
1130790184656918538
1135039559721215085
1136051982858786638
1137860888820066273
1137886857974586533
1138100978544022037
113869746177635750
1144583274314392313
1145168647960129329
1148004366295646095
1149117235041211886
11535224602352516
1153687564150715495
115515656150946803
1157327926595734734
1158036879136675631
1158169332615267188
1160578234866503665
116362099004048702
1166049513881309281
1169700585523393438
1169753936382637094
1172661230924627472
1174677434046189468
1176871327377619808
1179193793841756303
1182374942031055213
118334525965291816
1185693690366036067
1186031098090325715
1192557890892792981
1195585360551805225
1197314500768433248
1198415385133519725
1199418045615503335
1202755598384083248
120518867847693403
1206588865056469445
1208807463304693511
120945352900211295
121199305534015421
1212977541473462217
1220088744408357659
1222307176479263305
1222517613811838235
1225491484184760702
1227167943143873716
1231693657718107041
1233129057004710622
123537521344584881
1235687825298620707
123619101238254560
1238206348268579930
124035522186470168
1240796810517700884
124262570643964380
124341652371749022
1245303447567656777
1248426354633506520
1248648361221769940
1248897311626749511
1249793453448171612
125089804059677132
1252214683635751189
1252295641010149285
1255934870241665227
1260648852420982766
126355360115189266
1272467232355834609
1273331562049400323
1274658646248336137
1277848196739668248
1278496291306513889
1279536091528418057
1282624775156018084
1284412559982359423
1285640751532510381
1285816819671524467
1288359794498710078
1289351840303497635
12920903560288471
1292189075823864750
1292470565211174770
1295249945016686701
1297901905394680118
1298631200003112342
1302526096313191512
1306718853101127612
1307845201787616218
1313842884670538828
1314082370934127215
1314291580499535506
1317963074814871147
1322073842651187172
1322444250525856126
132316349049818762
132759748662835266
1328706129982295513
1330857698433587221
1334191043882549166
1336528516789668312
1337937270808086122
1340218261240383208
1343405190314227596
1348976749815678495
1349162472116251753
1352432322712905001
1352755108425996956
1359931335539962661
136114779073038098
1361871174912783582
1363264375575071863
1366361979726382025
1366801361072845327
1369196055026024728
1369327615554868549
1371069395681554440
1373818145507254866
1379576411512099764
1380390995319991065
1380894885522908585
1383569734043470872
1389545887539805711
1391373051778002618
139441168814696369
1395898242317851053
1396131894577566866
139749295819207697
1397838579438165588
1399911807810666639
1404159938769099144
1406298164525996462
1411161592124167036
141446813535852239
1416432552956724709
1418659553440687870
1418907891796494953
1420637663154848730
1425970069339811043
1430438158073101868
1431028479015323718
1433033748503223311
143369603891485928
1434845951473752024
1436657100707970037
1436779957449256486
1437550975951547162
1442464092955618920
1443803483328115529
1449719627424342702
145219706454942660
1453057065648578046
1459755808800487677
1461676298271283827
1462912946847848541
1466764023324062541
1467421369764048714
1469430427005970609
1471468453189782070
1471571582796197933
1478945681228164939
1479304505001435643
1480376300147185632
148368852896110545
1484240249846661299
1485354854085118020
1485472173961768580
148627888418374030
1487424828624804952
1489757482760010415
1490193981121791308
1490325610252603671
149216847834830959
1494824927825749506
1494856728732088
1495062583505284319
149535455174123232
149693218152240863
1497580746477296136
1498002802340457278
1503680020510267960
1504555640650377962
150767745812911190
1507915960103111954
1509089635722288639
1512450929178972826
1516267140038636504
1518569251014236851
1519363184431783436
1521635388082409239
1522826438610013572
1530988384053641786
1532682594617460773
1533530198635769998
1536345806487178639
1538029791103485851
154238507110578477
1543490658890833608
1545039585359820663
1545271739976647022
154899299958576025
1549690425209939232
1551491451072692106
1552619092515996656
1554562095064841789
1554595772044465303
1559960575078340893
1561567349753870790
1561673336045420341
156207575123284264
1562174467267902661
1563530745268140794
1569192049645713241
1575445819172111808
1576383022478007093
1577455476972307001
1581735168401664201
1581927865028982062
1584573232108253535
1584608805988444938
1586867159466682961
1588456689239817619
1590020971135807325
1591375007039839556
1591804551705626949
1592490631973565696
1599064051946793018
1599983834088828798
1600466316377171703
1601332726795390567
1606331116712134129
160697555582658099
1608297249975633322
1613040075351519216
1613717698581341700
1616673503603746579
1616708990171223899
1621448023600190776
1621464177160710154
1623825476337823896
1627552217484753802
1637548649449943027
1640019687426645470
1642410761581016711
1643069863409369813
1643432985286073671
1643650350972916727
1643841674861484625
1650098578793112347
1652061547299343571
1652091491688581199
1652163837999927814
1654269784414745426
1654597389775983632
1654790358283181392
1655810042134405653
1657261302410333323
1659377692470830937
1662053830409336215
1664129430078124103
1665479654003144768
1666316267541402646
1669098141263024692
1670563457573244555
1673638683944207739
1683539456758672090
1686858587539751765
1688378331021325077
1692695578214000031
1699540915291551694
170049839042620706
1702853889396639902
170503776511490583
1705984319538655285
1707529736184800750
1710324898561233789
1710457282934408992
1713273001867496767
1714126946375208034
1717427123803460528
171821445972107259
1718696275570936881
1719187546354500225
1721269982836050888
1725093719016863040
172552593580649179
1725777555548126429
1729358731240541415
1730609869288247228
1730629050153369170
1731989911745853201
1732910390930687542
173415589705912946
1738772231877131134
17446068108570562
1746479148359716215
1750316966964083447
1750685143983895623
1755214364559115913
1755597163577106704
1757345728616942107
1759564713518313845
1761827488162823440
1764287268772618348
1768315319243936481
1773408432763683423
1776760698154466573
1781023593138065006
1787742479259957420
178828501781681787
1788944794443020708
1790435414485726000
1792232768959123385
1794243492513482818
1796385730636124380
1797430165115124591
1799711146558810123
1802619988141994339
1806294061526061180
1808607659247495452
1809033915196334585
1810458948411138102
1821181930093648527
1822153153937600509
1823661739063258847
1824942667588219358
1827829292730568421
1828182598944630065
1830192789454332616
1835855902724380537
183617392550309503
1837256214846222673
1839457645774111940
1843466298915473610
1846410052205824840
1846532270138699125
1848304393549972934
18489558370176364
1849341503125010710
1850476180269911173
1851922593423823561
1854691474453668555
1857514326053415126
1858342137788174463
1861576641594516747
1862858781410781036
186459419609432281
1868924635532826250
1868936485373193780
1869852091582519174
1872265651403531922
1873255040606695986
1874202056444250363
1874427673953404491
1876564437953777767
1879409423509035556
1881796033722237235
1885803678318884887
1887994820646624804
1890284862421044994
1891092823124378541
1892248602769633870
1892647059233882388
1898858179366363112
1900082927956709784
1902493073035786413
1902673203939656424
190661929949023703
1907423661249774310
1910083524212679185
1911697249285130914
1914972669838558577
191522341032476456
1916188045704347061
1919048721090750971
1919201792987712599
1922630385267882572
1928876358373741478
1936420074209341234
1936744265263484673
1940397787993864108
1941432849805599867
1941433611559076425
1942910022480324934
1943686691502493889
1944623112609965332
1945390216255452018
1945981809634944636
1948692979947908751
1951796317755349389
1952278235290277693
1955645618980710511
1957472359666294605
1957504471001791451
1958721072467087558
1959801610285324647
1963246271389820881
1964291995017872767
1964938831544298960
1966656417792945608
1969083300338470423
1970850634902643314
1971170772491458222
1972247739805807624
1974319971304968741
1975221795028193783
197614260746709720
1977538668176001137
1978281436262004636
1980222696466172915
1982367243271414387
198704823728435425
1990764098578564250
1993244299704213166
1994722563483407249
1998450649940698508
2006714665678865369
200701941932316780
2009741954036400693
2014279878810493763
2014745952330485959
2017089105359625745
2022094117761574205
2022132050081836922
2023676775474455000
2030190531645138465
2032894617718182411
2036920401530334857
2037643756917141906
2042328111184842725
2043428951028749461
2044146115713060239
205218619895754617
2053751794164571992
2053818971261031574
2057509912315243581
2058352957804323715
2069486913009016287
2069832559435830127
2070318478234670822
2071474883971732381
2072385202324001573
2080601429335804963
2082212321354042477
2083682827656784284
2083954893512317798
2084165333898139227
2084311347191791917
2087340623185602082
2089926615453826592
2093110417786308613
2097392296759351651
2100360017164669858
2101441100525506290
2103073073799636547
210327243110421410
2104807859548338143
2105940701510334951
2106908878293614883
2108223749259962801
2108751739775759352
2111860213539654483
2112219684489695959
2113270814338263936
2117185539061495022
2126767475249688973
2127352127886179397
2131824507422657362
2133967501149676751
2138338864554265769
2138410481330045465
2140201764859929009
2140295064236804056
2140413313265200270
2142154784821656455
2143790224934755041
2150152986422544054
2153187641025321122
2154067323929469198
2155940257443147722
2156876688240516188
2158489197147315124
2161725378151796984
2163378734953959794
2164006028874006934
2165705045756570472
216576054579384276
2165761216191424807
2167171609679390361
216796438709472765
2168030060782762281
2170320472700223823
2172436933311269623
2178380877732711578
2180073316334139798
2180206234364859098
218058794253502745
2180785306696386482
218281162352379817
2184602618743207522
2186025754385462788
2188023307600516054
218988869138607506
2189962580171215917
2191371175070608518
2192449489584437726
2193653204042631865
2194470418691466040
2196439092720102545
2202058415078897249
2202465151112211966
2215588403073340464
2218095024030738076
2224283908115200686
2227105168839040733
2227920884026360946
2229674797374431587
2235533062951598431
2238447726981536527
2239883848991404562
2240840485240588862
224109692156829862
2242469766812536446
2247875226384598541
2248090403115355702
2250359287831060267
2252181821789917017
2254062583773613074
2254496524218027715
2257286001411756260
2261142747021556992
2262818999805194550
226487221075894673
2265641823804214251
2268638414147463435
2269247718877478384
2271273417990911063
2276020939182774482
2279003842930126150
2279399233557779681
2280832061611324227
2281701619927600104
2284694191522821018
2286923526422223252
2291052333514893048
2291557776478080585
2292135520562911766
229555979436014069
2296030748940400988
2297969453838270117
2298465105336561685
2299073264239412923
2302782930415341867
230605442642655483
2313201032159929897
2314257220191529750
2316543470977825920
2319069744151663629
2320693140322214743
2325935299398720452
2326763807431731515
2327139616939079774
2327634156089108118
2328673572297543220
2334111759638216987
2339051129351943550
2340009798761833525
234021667408633165
2340615845371950647
234072382538272480
2343347035748227523
2343750192050162506
2343866141716706974
2344698592000413239
2345179655612201235
2345340209961569576
2352012500429206986
2356171028824923899
2356277832239679950
2359101164098920435
2361567012117525964
2362247099049636726
2366048737504936671
2366571765422596498
2367550923537280600
236791976360538854
2368913155215831869
2371224831438417449
2373019452757525523
2376139889668183375
2377017048514867763
2377076757880355971
2380788626497840319
2381183005560958129
2383140397230363006
2387886399367500883
2393530741410731308
2396499737708289278
2397554835004641731
2398554945279355225
2399331374456212469
2400411310893637013
2404847818271252771
2407229260842105588
2407566485357482270
2408077128560678077
2417812683175377708
2418280126604142308
2418428939884491449
2419706081160656678
2420566356601701534
2421912927140117564
2422770106847564273
2423684163330846980
2424706665980076709
2424709379226375690
2432091868962544921
243328173970358792
243459463123539541
2435932523731084720
2436557548335905185
2436617609170725388
2439143492845063937
2439907787372092439
2441207301696409184
2443326865290896197
2443693215993834997
2444674422911559953
2445759513115697224
2446369163355325514
2447978194961496728
245003154915463106
2451365377424995208
2452500082991295198
2457272782500903994
2457656441467996754
2458261143975359490
2459605059092576375
2461406114837879587
2462353745056255452
2462498250128946127
2470553406481740968
2472929543137439894
247412439580474243
2474154225257505431
2474657696670681461
247809899171214621
247892281816111684
2478931582172487054
2481172053608304270
248187945335486231
2481888868525280663
2489673082631522246
2491409674826258611
2492636675681165587
2493710448465119662
2494154301428953299
2494304419707479184
2496804902385443485
2497164664476527915
2499143196165810560
2500690472429125695
2501171673661345423
2501600473614404070
2504110573674612018
250415327734768755
2509338707617631022
2509513359004180703
2513068633979619675
2519052848689249741
2520835883974212548
2525085164732374458
2525568256147530750
2531722495834706028
2531921652900422226
253589773173807404
2537959880568724654
2538086654924434022
254006630812169714
2540742682796786666
2540771747752351411
2543259548654562774
2546824844679003916
2547382020739421997
2552303842479335007
2554519978346382373
2554785837173805007
255592112348684620
2556400247449737710
2556629988477469312
2556785336137912650
2559494435185878504
25608101440319306
25613379425266275
2564934246041131010
2565501202935653866
25669084422005971
2567202015827909276
2567437567885123577
2570868362780994020
2573566152837449431
2574852141383900750
2575977583830016556
2575989082361933118
2575990704434413233
2577333383503609414
2578192191049520362
2582682746631791613
2585848913186387459
2587475345836949006
2589196503013237764
258999002592405987
2595173097436360112
2596206950628264733
2598359094662847403
2599090456605189752
2600214606242028062
2601098244405854696
2605928240738999957
2607217792975913820
2609304998915726418
2609385285873962192
2612311574677315672
261276420301057175
2616341948718620042
2619312032934009020
2621935353448866703
2623895620753068218
2625502854532337947
2628394981404272559
2628980856310571667
263016764388445621
2632414686844830819
2632821193130862510
2636508046716311806
2639947190829377454
2642930645649503995
2643158529392366077
2645614730454561018
2647137876838555012
2648621769732571130
2649217631757184965
2649803074920096269
2653714708137940248
2654275763509679386
2660718600744162017
2663391798792747872
2664555752277319279
2664685742988129862
2666371188314205652
2671456466404678283
2673550163000575085
2673895093359561437
2676122737056629654
2676250157363549561
2680595150751577217
2680745338168942812
268414749550166542
2690243168029835152
2691009667753344247
2693349881863671762
2694294546540854493
2695845736354642748
2696685507518920809
2698014320031511736
269818029907468872
2698394369922872943
2701193629907423102
2702844386993998216
2708105623858170607
2708507339662929596
2712621556392493486
2714142265518641002
2714149794570991572
2715054629439846858
2717811988447262826
2720319170032093918
2734357965156106513
2735571143829913675
2736401975934438695
273724924629102783
2738416301258529078
2740176100095480841
2740488049486549594
2741255299862795616
2747499235307004600
2747647980018808555
2749174079627898750
2751998003204347299
2752850208841198354
275740430522784149
2757918071566165783
2758186613931264847
2758411896512702887
27607789495116586
2762819721065863561
2764518440673813723
2764570057738313445
2766153876356188837
2768969158356665357
2769398908024068427
2770325363900028997
2773933452797734496
2775902711633991121
2777908492647305217
2779186022792161400
2782731938580553329
2784391895708623085
2785518262765478372
2794206489175102798
2797448074377432171
2802177576823171664
2803090740139359055
2803215936086093067
2806485154613825846
280718501894209619
2807216858149119683
281169234498556034
2812628378314501731
2818489469257633182
2820500192871762533
2825340861721923759
2832332056420317039
2833533138394117729
2833738051627940049
2834673087264027882
2835289586089436131
2835983375113415975
2837048276739043038
2840539527348122008
2845012465115170445
2848635660705986772
2850074111723666305
2850316803509270716
2851773566845905347
2853170480340668359
2854987016913305030
2864077386674504852
2868128607855927933
2870722223030659920
2870769380262682727
2873306310717937072
2874479997126831465
2875728300526293558
2876556296274249143
2877948250262967163
2880000715721446928
288189441895833638
2882157868963023464
2884730373674790238
2888174993218861071
2890014441322954082
2891557494095152989
2893064448794749949
2894890082328044867
2899103357983498322
2900864227630862134
2902539278093140732
2903082600779504813
2903440780097396407
290494629354752487
2907065301720479209
2907963646493148148
290951390181204417
2910156184482404262
2913508705756819986
2913619938665672897
2918880036127624513
291970349796502347
2921972808479159788
2922337863014122127
2931675530180861391
2933034647843309955
2933054390313322639
2935360675470023060
2937141124404183207
2941965043069792041
2944214485579022105
2948112131672231064
2951941194702216273
2953225063572211552
2953858215794975105
295603163209007663
2960594765593783111
2966367665116752890
296729692375350859
2973108150837127727
2973664024417323658
2976744355805188742
2977590159635307836
2978398212990628336
2982737187241144738
2983480021292625114
2986108789951086223
2988646017436851223
2989192623320346070
299505482767724962
2997581682361412140
2999619045506430161
3001472311081897143
300699593849272752
3009403439430088015
3010128397760397280
3011770209015990836
3013529407689101761
3014736594211836369
3015072175382273889
3019263654302806171
3020712569264144229
3021516147093543064
3026006118815756173
3030116028285701165
3034299152807780982
3035171785591523301
3037181443583606812
303806073199244409
3038502121615226375
3043113543396803591
3044669683102130067
305324605863505032
3053563003238140922
3054882872925474300
3055693367841666385
3062344515181542959
3064910991366894215
3065318156351091371
3065821330484083739
3072310624704021063
3072895861725548431
3076827543267030354
3081057603529236238
3081603561055913958
308262667125425416
3084303274601025994
3084762199269572117
308557981554611514
3089259340939895017
3092971124423814631
309386029851804673
3094032312254462134
3101426298428725283
3101932389734366718
3105907783025028918
3111735727591295625
3112935187465052124
3116376735223233554
3117626181779527070
311918820221941492
3123332083544288248
3133769271740902039
3136917318811357903
3139204233414216191
3142926425798813926
3143123452556157917
3143320118495423853
3145329175528680086
3145899532852672376
3145971926443999476
3146726533768598079
3149819740176440705
3156019744933910432
315832891566322925
3161217343001376844
316122396520583285
3170837654370688361
3171954798196102765
3172807040763358918
3177306392494807507
3178182011401660979
3184318893293234063
3184387947315325247
3200280687409331748
3201127330957685058
3204920918917997270
3205019582466766055
3206980892341391067
32098345398178879
3214788408373861256
3215832225818240181
3216728745434406001
3218376836333850080
3219201354786033982
3221201442946820966
32231078330663012
3223323821513597558
3229931429071122117
3230190484370509705
3231137533127159509
3231603881485180947
3234390048571360011
323492265044397623
3238280164880673847
3241946519744089420
3246370982107383317
324801213056449959
3250879095567839490
3253132930424718093
3253177042485672009
3255029581281390181
3255559098351786253
3261195265500228021
3269141603331095782
3269300473974221443
3271755364073512779
327186569536773347
3272543620700357558
3273565638746717577
3274440227649119419
3276983668974871467
32788716532067650
3280592939184543737
3280972828286141520
328782785356003417
3288263592388098720
3292553134147716023
3292854798450346089
329308811056482996
329426823425170823
3298438008868040963
3299863920619293096
3304348806271088437
330658333089960288
3315088966090179197
3321096696145193794
3321786302869868017
332458663819967657
3326402467400980909
33290485304312077
3329288207652010755
3330389528583040640
3330959635674918377
3331768457831781604
3332728548947808336
3332931886344297676
3337430662631795679
3341255281263478309
3343238849655557728
3347769839798931422
3348454895788217731
3348944340252810035
3352015840877539242
3354408148498349721
3356537461378549007
335751648391499083
335828812387156987
3358530081868111049
3358637050078703834
3359212057910444152
3363808931491379088
3371248115450308746
3371259424073601080
3372607709719335249
3373470695039518718
3374842997970299270
3378229897035716310
337938936608192284
3381355688595222141
3382587321113939462
3384798559404156010
338481935285764151
3385828892827916648
3396428529674613176
3403763136980513108
3406599785058957851
3406880020979124420
3409000169592977449
3410792294905889548
3411053854187401627
3413298230083073431
3417305518577566965
3419802703901948747
3426825013408875279
342822208435769823
3428866790522774530
343155729685910485
3433706595088574734
3439099379539692496
3439268882751700061
3439557897085090735
3439965496619144231
3440956489767155266
3443246060893531872
3444291266932315126
3448621786791651487
3450891153506398181
3452434699834459824
3454631556983357564
3455754663091537824
3456969511082160571
3459966156513847451
3461398699110584370
346247921040672348
346379279299138055
3464830180292212732
3465757139635345123
3465880149361796901
3467803232522446954
3468202998407709150
3470866579219742328
3472414955397011401
3476072135175870675
3480076064550622056
3483038741033879685
3486701746662993212
3489648306702436383
3490140703952004980
3491648028332934144
3494304590180704902
3496650973552066916
34989479442054239
349904144614526974
3499505361173015734
3502799886445208960
3505301576226267783
350567295440319449
350720859124347215
3509792106495382930
3509930091688234817
3510554254009312016
3515322487862609401
3515458705254948662
3516306498036599424
3516581811207496528
3517027496754496473
3518300513124277891
3522527570828218366
3523302077624206017
3524813736887310714
3531613161020891632
353292899898635958
3534241328073750755
3539447907551195742
3541268980816660495
3543621380821536915
3550458436570877656
3550842839333101833
3551787386689273872
3553079698759905302
355577368604519980
3557590825480389138
3560977193035267394
3567538127320343651
3567917569408941381
356827538739377687
3569405693566319288
3572367564393938284
3572566872346296899
3575905597909764694
3580422550813670721
3580472376358445827
3583387477603431723
3584160893328504854
3586802420464107845
3586887386267340789
3587733065538385760
3591173785605806289
3592852218184591612
3596134201566123236
3596741868144392363
3596822440929375971
3598184615233725940
3598333698841162153
3602814874197640894
3603754628506974003
3605235322137067661
3612571604902129360
3614332209631833037
3614568208581223403
361583112262410587
3616172203470918571
361733818076295475
3620542240162686969
3621877442597300676
3625863305213023529
3625885871679352652
3628130916430439847
3630297586870480732
3630987945180684409
363446913574144389
3634476040677319391
3634592912159524180
3636832433034257861
3639824965598224778
3641071135206731137
3641148449705190829
3645512968973348066
3646417780053697087
3646617691110370447
364921409007922828
3653083244841213027
3654934148904708197
36567074348886626
3657563081436796875
3660571023242384788
3662711985080457074
3666117868985624610
3669789258308407435
367285525952590564
3674129424485659587
3674279264409200544
3678244575021901135
3679513345908230234
3685001361074900816
3688129317783386085
3689446943719284917
3690469875681525919
3690856208272844865
3691873289261881235
3694294293063011055
3698820282315963900
3705707816407326874
3706469118972497266
3714907949795603273
3715416675443179001
3716316922686349952
3722007088225813413
3724015741549901025
3726488856507872432
3726951476441098237
3727841559963140779
3729529440893913270
3731679770734284840
3734248946167918669
3740001695457488861
3744980044185521997
3746421172760153811
3747682823500406675
3749632287750113271
3749972977795344373
3750389199268173022
3753067685228529401
3754105251466817764
3754524721851962174
3756114308607948571
3756469170961365419
37603966576897166
376060273940317323
3760727519638048777
3761144460198106322
376175679493097149
3765211956015919554
3771395849622063903
3773142014629998502
3778401671681805542
3781114141652721510
3783227216845829047
3784446357928211716
3786865654677801756
3788002462252413489
3789472475556097043
3790141674127541453
3790771385617499861
3792659598243374888
3793676833270128925
3796090811098331366
3807264586816662155
3809894180222321756
3813038288907259581
3817573065814063528
3818500529529646050
3818832907880948426
3822087315093334214
3822466154979733284
3826701637327476339
3827000656991934513
3829953996242913016
3829959884412545166
3830814986178734547
3831336407820757452
383247707667157028
3833912039227860589
3833975541737203933
3834164105250214567
3837369578580401264
3838143210358936793
3841233817530035314
3842492112499570577
3842642020991525836
3845377894882633849
3853663100239123234
3856174453314509789
3857299732643096505
3857871317909691745
3859716943481129994
3864205869151458958
3864316309657195810
3867235477735094487
3869919865315363838
3870769277194648368
3873249220369416237
3879561757938786711
38811089401166178
388237980359416684
3884432061151773621
3888613909106332843
3889512966648791224
3891040251205472635
389401197130980416
3895134544231124486
3895446252116789477
3899642692065966355
3902215798672277228
3903101772889444909
3909466282936361384
3909615297404827131
3913779974854019123
3914087685677548270
3917374364847865308
3919353507653055244
3920531657295627543
3920744235016031143
3923205954452860072
3930168973241524339
3930369691925482589
3936782460479012017
3937367044103205241
393909070025681707
3941316730628017062
3943476958111572900
3946638623199443218
3951492138709841311
3954120359126796298
3959083024178693698
3959107611650943703
3960416377640847091
39608480586258314
3966319144018945749
3967527617677721561
3969478889698915208
3970818461405368770
3973657383191390251
397604292354315636
3977266680334754092
3978390376975514667
3978829400466766022
3982519497944997162
3982597353502955232
3989951948106920393
3991050804254385924
3992172892338477926
3998603437290363601
399964121395929358
4000491464586639908
400181692182236784
4001855450449511029
4006269812160086618
4006845941271874148
4007667141409018779
4010240848707818594
4011057906884570313
4014713511841653623
4020913794792630632
402103059897311841
4021754650255238870
402756225428463187
4027856026171660084
4031369037301743048
4031533157158857723
4032876692581446895
4033766888908897000
4035610398668168117
4035965069285823304
4039658483773565933
4040809034716719817
404767085984523829
4050890808914010541
4052969620059228843
4053031412178868683
4053665721777577632
4056989574669936827
405741396618318723
4057906550650962494
406294568191606033
4063809030753604209
4064705218095492686
4065150922038852310
4066459648410814205
4069186677413239129
4070220687446794653
4076472443668694947
4077880750736582154
4078116200197247116
4081300360291834202
4083105071538392950
4085184884734014844
4086194421203434252
4087161710584164148
4090009051761742131
4090147289717240524
4090593566683503867
4091210963828705670
4092345297210252532
4093961623753379395
4095084087891389422
4101727375729812135
4102090477020638231
4105906535262722873
4111898430798131125
4114844879520658475
4114924163621062575
4116952707750725731
4125049042915809016
4131174277542330728
413338202384047165
4136645061343155783
413687098222973581
4138181164150638239
414405467056423689
4149250273035447072
4151946851110857885
4153703430298758355
4154989554288471929
4155172753240287083
4155643976485488932
4156150038983500179
4158743770663274142
4161486960141728867
4161830908669752362
4164936907930569859
4166347852520719165
416947448801715852
4169647672664456587
4174425072205873808
417533641006231177
4177352464863687633
4177406627009297761
4180938649810609206
4181983311040343214
4182489251638603101
4188332369732836228
4188447748050328640
4191624537976824346
4192929782673369941
4195861356679378651
4196394527138127184
4199429810678028769
4204245340572674690
4207365246945038591
4207870791340258829
42105807657058097
4211820903462774451
4218212198729942600
4218841475271241463
4222262537878188130
4222964467920473696
4223331489889114596
4225682145702564011
4225904063784607259
4227190856572412707
4234362419616520285
4234585913807213801
4236327660191007712
4237242062695255775
4240481884304433629
4244166546317022205
4245577065963678552
4251622713146241638
4255953126838441694
4259281319809610602
4261853360794662035
4262720995433221178
4266379341518963592
4267911950943289831
4269418387244805224
4272071429504000298
4273702783247501721
4274546379838768679
4278470448683643189
4279904888670175537
4280335825210170127
4282221775737129521
4283443298657192531
428480112833243506
4285812271935630374
4290008481799423524
4292566283054364981
4293481793578185740
4297471392645451866
4298294395070286609
4299017938887704163
4300954386162270685
4303878590030397707
4304540950315458531
4306862574801156492
4308411368870880595
4309671663886157018
4321356451567462955
4322949565437310096
4324890583591085213
4325506234799045169
4329589529243965012
4332014459877688719
4332258915912473385
433410034565133837
4334517781879882360
4335844780647191997
4338308434452726438
4346066758546763972
4346673408545272550
435181503372348778
4354987850757408420
435632689558531729
4359404432488728850
4359502873381171583
4360091820186918194
4361275681609631850
4362653249698377921
4367188034988034004
4372620708112610870
4373671172566726458
4377017083895665294
4378586004389568194
4382176731189624063
4383168490286770294
4384076391006187968
4385789198750481814
4386134921266654200
4386885371851509195
4388499853860119930
4391474570608585192
4394486575899673205
439463681781374900
4397093647208753201
4398544095158342905
4398620809372047945
4404591103564349178
4405139396823345829
4405785613748748820
4407416566126441531
4409638199061519792
4414995285274439428
4415825570308511663
4421108132200944503
4430070059449814572
4432249518754957950
4433979932604155436
4435548654145820692
4435880683525065493
4436874251537471772
4438795782597629472
4440021901148368647
4442524655611947262
4442747523545758074
444431955621103329
4446434054851119438
4448554715183412240
4455727442007604167
4457723341766615777
4457964494842145498
4458536943765980821
4461158619201117619
4462431986697922713
446437124032504987
4464667044946317190
4464788884301885138
4468691755584693697
4469179574171274608
4474524579548693198
4478171854493263572
4480321528963276468
4481304421237680335
4486361979827686268
4487368457979397702
4488487531375955505
448864049906363038
448931590950957558
4491928200398288771
449199384686526125
4492136363042388275
449270135220597652
4495352207857436881
4499003807044317306
4499399248780122636
4501913297218461197
4503511963811465071
4508764567499680309
4513677714540299060
4515866917727062629
4518441474620665977
4518714591704217763
4520354410157216252
4522637469575316173
4526123495354524651
4527534512418339837
4527682463242068221
4527922891454190341
4529609436181734293
4531174512872973350
4538087008318620980
4539117112711300789
4540137166186805424
454288116536410946
4547354847812435800
4550312606247496167
4555934074397483610
4558245741673260789
4558745113837316165
4560896526010101977
4561211363885689838
4562859610389469346
4562886705438985785
4569695824017807529
4571923069591447896
4573704958466108228
4574195150328115134
4575713081248124690
4580145603768128513
4584538959706516406
4584691076898037873
4584889904438932006
4585184446305972159
4588080387056517966
4588261824405395220
4593108979421647822
4593830535192461999
4595603278200564254
4599003892376654307
4599517022050711412
4600075932415696139
460052407622770605
460236199138652372
4603582123728432361
4604195231108867445
4604768673904977649
4604849077815641005
4607152139888433908
4607396771570193795
4608416583122042255
461238205192471362
4613727542251498649
4614252880667892974
4614521543661842131
4617731202210686801
4621428253088925027
4624175191143768234
4628989045627375400
462936787336314388
4632678066923252665
4634379069673613292
4636019979233441981
4637168631279639724
4639378687060465125
4639741754932517717
4641503880875740887
4643067669142842702
4644933220593873592
4646542168808418447
4648084367642971158
4648186086451507316
4653987322736342716
46560992586600263
4659370206598898419
4661080724237102907
4663887399773296104
4666017509876086277
466631913265003538
4667636381306665788
4668251988406561843
4669630234860121389
4669789319071328084
4671679464797519965
4673192005967063171
4674394601560722762
4676445474308984147
46767052693753932
4676920005121898950
4682150724119304192
4683770486992140439
4685152384771245606
4688251696980823940
4688401886311390175
4689183627844389990
469234576044501189
4694291846749317693
4695573865053443691
4698969985588885821
4699684872343507115
4699812592745829599
4699854443381981038
470342982966047830
4703436181902264068
4705336268364354740
4706237610754786156
4709563459983422146
4710754529034548351
4714315759607253487
4717185164383503507
4717239361830079011
471844444888267182
4719046717286953609
4719402955744283426
4725738660731538905
4726247491055819737
4726864196576496848
4728481960088289775
4729071684683510411
472916603154447599
4733308784485926033
4735209100713595714
4736672886880943413
473732770385413759
4737831506484213651
4738829744854907906
4738960195885779959
4740524172658814964
4740530852714479952
4743198823787303479
474815396881105731
4756492786669525429
4757600000199656019
4759387600736343502
4760982758137851554
4762949238190901003
4764449290112211131
476734233033338857
4767766646008899561
4767988597512857945
4769819553008337128
4770422068334960913
4772431022188337527
4773906116707785092
477399679972866406
4777072484047040384
4777622802018968138
4779658709613809227
4782148551034557789
4784157625222517412
4786299740409256392
4793673273642177886
4795088225693871605
4795262496195044395
4803628229625855411
4804205452577459343
4811635907043320880
4812290755394822163
481822283681301692
4819282958253592831
4823799627226114026
48274815818224137
4829841190982414694
4834498447458434933
4836766149312245352
4837082692439034700
4838210166549460778
4841444129181993686
4842404510945914404
4845361097907336863
4846860081515366622
4847535111456109104
4848398382408845979
4852217931331786010
4852248159362255189
4852880116603895182
485500839874401263
4855595534688360601
4856256733101321885
4858306541006450439
4859907786479488356
4862679126495630
4863336504624689342
4867778269121711388
4871111539712168900
4871851783085203477
4875243645187822601
4879819973911740492
4882350271301773958
4883963930641258092
4888753876883829109
4890037693415652107
4890296300163760085
489076014125495981
4891536452412848716
4892305940950808622
4893433189750021120
4895198768644738311
489672093303505479
4896796187280150329
4898435880618343731
4902732454689164090
4904924567205555497
4905998733787570481
4908658352374204165
4909486206712407656
4911223234463507517
4911486089964346896
4917237112763748042
4920905367755832446
4921226697462094180
4925404419187788651
492775485173012210
4929528821862928952
4931424812497678038
4932485690822441863
4933325375161870039
493443549958551742
4938937556405121914
4939914438376157769
4940529288136012493
494198334247318626
4946964539102900927
4947606544051057974
494897558013134896
495453740291178311
4954940551408496770
4958090390060915101
4962041371944164145
4964801227236906211
4964831205096623817
4966204340777973348
4969037080491938674
4969304134189251038
497107463952358256
4975481263597702067
4975771368780791916
4977228245697572752
498113231826004976
4982657242951444903
4983491891673174286
4983591652518842685
4984234209229109354
499025960673298780
4998981555209151418
5000369716490588067
5000921909474731073
5005817852338510228
5007449524571509124
5008918851384732891
5009381066273792955
5009457813640719627
5011672072884937684
5016916069781570740
5019938652499354778
5020409623348567527
5020558439077792188
5021758139201084649
5022273659859135254
5022692424275569010
5023290996042850716
5024908399885757170
5025409997383444730
502572721567962472
5026787619232255594
5029070571763963640
502956412963389170
5036116925061817882
504027383776349570
5040651461161226511
504086116026417812
5042010094550893909
5048375397526992601
5049218992804395367
5049649567454897139
5055169677347106873
505750714825767357
5059925615671720574
5060732404385843595
5064988542954133747
5065332388044462851
507337783755739257
5073951740651179941
507522582838679255
5075562112971363485
5076405857221145034
5083190247450259055
5083618145303529893
5086635176500607806
5088040333971714278
5093148382950472901
5093872654198307836
5095144794741559334
5097620805318855632
5097770926047321997
5098681853394037118
5103173729109218092
5105016970086154433
5105225168299396721
5105935458126809372
5106006123365516325
5107336612814650035
5107518642822481720
510782801466272203
5108727545260146516
5112026756570378285
5118076600698300065
5119062862504837051
5122584989307343284
5125072523453511993
5126876008495156945
5128741555316557346
5129104671811631168
5136484467894536449
5138300879338983574
5139786194010889300
5140203278387953493
5140398746563799981
5141204085076437059
5143123616135193344
5144312475927442495
5145222900492422550
5145692150089866393
5148991339095747793
5149433239151605488
5150786128902587407
5152744553938003194
5152789622302022274
5153203167766688719
5153272742001590000
5153514729576858916
5154717229838117425
5155554613974691328
5156034461454066888
5163702188825372875
5163888487113443263
5168756990624703235
5170442953719408926
5173515968130847159
5174015307144830727
5175573556876115535
5177274252641125149
517789190386855474
5178564972102512483
5180532795066675179
5184009332390629399
5185032147076913408
5187188467304351512
518857271294904824
5192260502492959538
5192678413444221329
5193668706790169740
5195850715636480762
5196585269290219063
519801378466270360
5198311748867347223
52017110779915673
5202231279152809006
5204461251653479645
5207431774832252543
5212366119446697951
5214502786787961281
5216442076371807800
52167860257722800
5219512868467742883
522297587454073127
5224696640340220657
5224728174075348668
5225548852493309829
5226729046326590474
5229506136168418433
5230911313321919546
5232839474761366868
5233121162927186316
5233775554942858712
5234554710726658358
5239829164280598301
523989319659230008
5242067760793742907
5242267978481970512
5244591982661328015
5249109167311301532
5254966641246814155
5256171738658429814
5257098751949992704
5257926060403798948
5259504266870046402
5261736859234765255
5262170612940718924
52630812460844667
5270230704373546765
5273882507984826185
5273977263502167693
5276155684849253974
5280682532887164423
5280767534257436855
5286190282119476904
5287780571821475563
5292261790331466240
529338723386203270
5296027822824910289
5296376126308097179
530390023793894390
5305154109389658788
5306066741953727547
5307471956786809174
5307684533995679938
5308321999745839613
530843506035773831
5311388068143907486
5317914852332026731
5318177881485522012
5318995457918208856
5322668712220509001
5322696900923017367
5324607400172340402
532506334425154680
5325541481486791339
5326514514583869191
5327116145242657442
5338002239642201657
5338046093904827773
5338246038112623565
5338649492566087286
5339368866407468832
5342997115427577293
5344759811631995958
5344840004219850930
5348209577533892851
5349285551590484769
5349595510816411395
5350331206503090575
535193879290768740
535338247191810929
5354572433883873975
5358015814477508226
5358652119938429224
5364631838328882305
5368405423432068739
5368876173842563737
5379803250352332541
5384418994595817852
5384982984411044820
5386548291921998428
5389863282434191798
5395487989011564025
5397390121100149522
5398253885558772617
5399112550013973842
5399926865682219648
5401909491894737975
5403611033118770639
5404354858411639819
5404863548491123387
541417629984922757
5415887236282496231
5416207850524002055
5422434163669838465
5423182481330801133
542558124555794977
5425630275598258866
5429293581046698776
5432691721493459911
5441780249309840978
5442568410071692362
5445407977436465537
5446270504701555013
5449120664796661168
5452707958954138484
5452784844417365692
5456260025331537869
545801502367674691
545951582187383698
5464600883150732451
5467953164654003185
5468700356854328384
54766434508206806
5477021340514956016
5477455471078912063
5480475896388129062
5488605121130021378
5489155645277425612
54893076838558008
548956346739609692
5491652255457259439
5492065909939716878
5493104163639112983
549785972233258861
5497898333696231331
5502072238031322534
5504254615956032591
5510240481050491121
5513468448288422965
5514516688981291189
5517330379365838728
5518989626993575842
5521877641302713547
5525431949344735321
5525786776398237417
552834118560244654
5543197435441565119
5545836751377910565
5545864864470734660
5548146770176017517
5553330837340477144
5554956516592594216
5561399371048889041
5562768733734039633
5567597337810540507
556938585411918716
5573511332574238821
5578569923291769770
5582599253969824398
5585028352220731494
5586083481745685167
5588667421325366917
5589562897248284531
5592635285394885463
5596693180693418107
5599762480154263911
5601048205880594735
5601111741809762207
5604114411896852505
5610754179226779859
5613803345591702268
5615521355359063517
5617424662190009042
561949579996702586
5620018493715403553
562103396094816661
5623177990140710150
5623678244110718702
5624337815816123235
5628285980826306254
5631685920982089431
5634294949045726441
5638216416540273674
5640328400831870713
5641507511743906018
5645775827001574602
5648399556114941600
5648518414890266640
5653018050157119259
5653570350089988030
5661009961525211738
5661214052195024115
5664176905259394542
566448940465508461
5664579048895281228
5664843864633239914
5667950846857774872
5669619406546952180
5676351753809560278
5676785772926720994
5677222591311335281
5677771857637540887
5678932902774063801
5682045163069788753
5683405316752258476
5685416023161352789
5685628636180626661
5691421255714210089
5691989547534972865
5692104172869590169
5695567880221101414
5696064149604020620
5697607492937362025
5699816496011184697
5704498570288566358
5705818910680697359
5708744734388895850
5710332174428141213
5711803174618574623
571912273660250432
5719513596739657510
572089311376515711
5721523804327516381
5726032201323638728
5730085635902743995
573250395558784561
573460101288894593
5736897998349363767
5737861232084621154
5743516631101985839
5744346401244476198
5746022627807041760
5747982539444991882
5749655707679664748
5754756596713246328
5758221244581246252
5758666393129357869
5760525800477108248
5761165644192427411
5764066045850619995
5765004128376485048
5765453126787271704
5771165010663414446
577443168210585867
5774872655221507462
5775512895601155425
577604090628457092
5776492906284776694
5780974665759394785
5782176291527643885
5786267143374026725
5787542677070918294
5787715292139686456
5788845102676637266
579113920720786106
5795249123832181538
5795821503968124781
5797777080047349790
5798673088624150023
5800771685426489074
5802385919294295619
5804247825548498520
5805770354859315436
5806876209064589654
5813883112810823343
5815710770442311440
5818131988019417377
5821965154575587284
5826022662322269366
5827995882539617250
5831084291205591881
5842966913370330080
5844696147320624
5846332647904406668
584647313776954470
5849973285277766695
5851067765794030794
585248768832085082
5852753203907533602
5854498990861869874
5854946381876372534
585551210924907257
5855542549847441820
5856188808821287213
5857137466490547526
5858258366848247377
5861540401739015827
5861876018478589987
586218405694542365
5862651360999249958
5863886724777717722
5864141697754965255
5865478329987901496
5865776100390485119
5867648106436692421
5868226828711382164
5868376739653408975
5873618897062110866
5874320917279365982
5874365076797029325
5878135540747686277
5879716772573641835
5880578094887039269
5883049070634848172
588567774136656650
5886374351096924559
5889139869835698537
5889996833616945020
5890664404121120438
5896431391109420424
5896773100212732196
590055500469421061
590238112197046988
5902810684058804384
5905434079174071334
5905557133356612330
5909870165306344937
5910373372592556889
5911188231194637298
5911225582611825543
5915433933917144506
5915924046603713019
5920225896120684542
5920696158243066663
5920849807814470762
5921436610590373125
5925953554720129552
5930081580533104150
593611883959818177
5936397266658876069
5936546283576348408
5936855801162909723
5937034281573770825
5941027467741247981
5941379688851386285
5944159664493819845
5947640881809875365
59504470292154804
5953169745102980796
5960221915257571981
5960793852140286037
5966943593256123471
5968452934968142266
5969094699106502897
5969892435715468929
5974006447802551459
5978285931615220429
597860982883952299
5983523870410955950
5985494073326179487
5985690703699450415
5992133026141707736
5993343400156105013
5994376244879246280
5996623547637033667
5997674967784046577
6001082426735014482
600235331380329039
6007383703798260178
6009802487725881068
6009956260539049515
6010487192469550799
6013033206301973737
6015459162239690100
6015842809696972258
6019418141697038282
6022666276755360809
602386139045220798
6026294132355443094
6028171656584587769
6028802381007973249
6029328836494740491
6033893127314023976
6036713241011579959
6037206436848288084
6038106166846395548
6039523734828725167
604043744281594058
6042623385837265801
6045811002281953215
604873337514547447
604959846401693255
6050976308587133118
6054589592324844971
6055540231509001589
6056563978320919207
6057294892572405190
6058140696105771644
6059586060011259465
6063000044587447016
6063239483571104250
6063854874010129306
6066457284828720184
6069348271925201019
6073888520159464727
6074381686894209172
6076876512514953574
6077147895065729320
6081494025313472720
6082341904193005669
6086002456683980763
6086924882490865414
6090610746504370564
6091218098398003966
6092839742258827008
6094150966648175693
6095110072531431057
6098460375331999564
6106555830957625549
6109625928681349753
6111067318861371045
6114009834884698047
6114064452454000324
6120522425949195275
6120643335525524866
6122042409566399702
6131582931436124713
6133223243541248349
6135853845006762222
6136507162552452574
6136531059079941674
6137328171852457585
6139408353156563696
6143452508009058413
614474943324836285
6145592972360272113
6148200360460930381
6148874591456812549
6152111277101758493
6152443996141034091
615324711523232024
6154663567683446633
6159777587674645772
6161852486005731671
6162794505624975445
6164937307580022835
6166360642481505860
616819453219417878
6169412539940471822
6171727337172222422
6171802212639094690
6172874415907422651
6173232556797808395
6177622880856403509
6182019727028953627
6182376679483940599
6182525765003381420
6182979135383074951
6183981085663508716
6186998144602996159
6189501483759893062
6193000092724540532
6196357255684225184
6200795928259159475
6202594180970341691
6208969944783190779
6209670371305153218
6212315780037064761
6213489063636443123
6214178209888245207
6217251184780367361
6218826780349943557
6219422052228384546
6222345246259925110
622457820213440350
6227198899429360956
622954659383190176
6230227970959330365
6232424167379557666
6233299352459169909
6236262859226552351
6236429507706595552
6237833863145826146
6240216628950026780
6243329648431656510
6248749406171781004
6255168798370884490
6259517758527211712
6259667600363822237
6263165371401432447
6263794485903640016
6266258575891423937
6266748055656983665
6276866867707597636
6280357956403989009
6280762445400554455
6281989403401036450
6284857033258171654
6287670826869896987
6288886578490876700
6291340016685109170
6292180094955688537
6298049525063099825
6302020472555801873
6304108400739492766
6306269524239530150
6306875247559281639
6306985157962075708
6308332400772263715
6310742496630460339
6313725888425102182
6315458062516015318
6317818120498301004
6319286166591472002
6320847185438887150
632158496151573227
6322529405339119795
6323345044078908133
6328788353284337653
6329634980533011029
6330847766136124494
633091336321164528
6332787055828104119
6336049998138721783
6338953889920659970
633958553226542878
6340082485008060004
6346078185883045082
6350143765836270357
6353001066703426156
6354050153826003740
6362418224127312522
6363641113668677225
6366899992663258525
6371005928266966358
6373435064169629041
6373494740114246593
6375232178729670314
6378933229256146995
6380980957722512693
6381828402872910475
6386087671166165097
6387369377274201710
6393927712215249214
6395732538875383414
6395742601958766280
6398968499954469286
6399875915426846393
6400175985350157925
640125911573113025
6403040722015916711
6403823577836074952
6405003519974967547
6405326280322379803
640540536679118587
6406325782653546559
6407153869249333396
6407643271701066113
6410816063357339434
6413650661015668219
6415124430049114391
6423466409155057489
64247999628178079
6424846176852029434
6425963886802693312
6427459733834959093
6428232460576740030
6430496097685642784
6435145801234086706
6435265284965132891
6436513309072028744
6439790999602077006
644038872694645513
6441926286176293895
6442292672178100919
6450752804467481933
645181247387611105
6453101508891188559
645407114941499034
6455726521996252559
6458386444320190002
6461145592787149921
6462655424027732878
6463112544007709215
6463636218535249515
6465928570982743565
6470425802368231424
6472887331685589688
6474911178398401781
6477368267572823766
6477456630742882389
6481442075809361913
6481764313480784484
6481860588153352859
6482254650205796976
6483975829562199961
6484731291671714274
6486091107947360388
6488208517421700784
6489166286538950703
6490064946909926350
6490572283595212689
6491542033349762803
6494022792852604101
6496120304273395407
6496271100711824696
650002066085119948
6501541694101043069
6502022928753080781
6503718953550880334
6506107844830334826
6506525894684844832
6508015421808404071
6511935954630195150
6514776250327567758
651783827870703792
6517871096434590256
6523615492000077891
6524984800647764284
6527425911466329546
6534502668602999347
6534938711367110583
6537672007706015098
6538802324403185185
6538993473479603496
6540581499181009838
6543320052264932055
6544818071189269984
6546034609944801415
6549636195517273843
6554159827343322517
6561711435221016409
6563533692564352836
6565736503894174118
6568247609316683815
6570610948654377147
6575413977185547055
6577894746454829337
6579372923730699302
6580594669171159823
6581299169532273316
658330190563200680
6584618190936710648
658478159345152884
6585993596609120687
6593684179693323248
6594238701922884110
6597595555216588730
6597668810427198487
659818909590554822
659992868662533788
6600934937933301084
6605172662589713120
6607694913366159366
6609689890109136373
6610042416339145276
6610832298566471965
6611375025237743594
6615028822963302209
6617479687388268622
6617499389943949074
6620724040006996427
6621755381287863618
662276996053981443
6630475693539339956
6630860344398445530
6632602296403700947
6634984116527028647
6638650250160552938
6638807067852154949
66413300973492076
6641989353960562270
664359549558424853
6646227854594827815
6646242076385735120
6648232824136775847
6649912226322360223
6650502074082525458
6650924747990830158
6652161755462032385
6654361236459539740
6654968834257248595
6657211556691143443
6660319755493086138
6663187523862645790
6665636210810547433
6667537941170075302
6672146493314782039
6675624490310703424
667771093283223251
6678333362549035469
6681156117828659984
6687603908704623012
6691851188284945585
669199478333787770
6696824780181328524
6697447342009345056
6699983714439046904
6700811300840925678
670095538766264885
6701726262419605089
6702699416945399481
6703132407747188374
6703323510472817400
6706225854950191476
671304929464157122
6717246668122636698
6718791672688529208
6720147542664044763
6724871915175663110
6725083550218476345
6726824403769396274
672895020348908882
6729182885227917208
6731031204904519606
6734650293284107477
673680688385603949
6739772475171278555
6743149440255226671
6743416202660799548
6743494403765337503
6745147425790967023
6746464063470537853
6750155279452894424
6750915453787350368
6754282819826194078
6754627667446825923
6755568169191481826
6757446124294687198
6762794978231240292
6769801301333225458
6772114648546373332
6776553458615514055
6778846833802945879
6782405184693904973
6785739874011076895
6789973685106635788
6790925574249315970
6794483692004184440
6794501878268582919
6795936001730682290
6797661314189473317
6799540655457758123
680146516961872257
6802114345601854548
680487169801209649
6805140420256881225
6808152129039750118
6810552888594235265
6810880719880888182
6811629048595966890
6812498881706103555
6817477437792570535
6817711125606078136
6818766956935466529
6821122367016680773
6822876755800883625
6829769147393232981
6830263007906815717
6832650218676808169
6836676059673275913
6836854002352651105
6839991039004594367
6841210561427659038
6841967061164398142
6842778250561392286
684473231519247635
684710992353210960
68482340128281839
6848237312105562575
6855511445976959335
6858771497467325859
6863107701954365145
6864804654725827784
6866212974797550701
6867697319346843320
6869344072414626861
6870712060570338170
6875968637620220572
6877159996345381780
6882630281380550208
6885704785652977954
6886750289288098926
6887096133334942230
6890926121343992082
6893209952944814454
6894512322820251342
6899661401427678701
6907507905560259889
6907565688309170467
6907770568390823827
690779345622486635
6910138812120516314
6910972743042476493
6911172049205438765
6912883489416331152
6914611775587529167
6916454007076334480
6917202566510164427
6919989493807624222
6921615947429442579
6926141970985255686
6928715094738928895
6928909464706008259
6930573725918835448
6931657648680958839
6933500382854411786
6940821476111362380
694458902910623853
6945850302975002905
6947225913025147314
69508696870934742
6956851248735991368
6963281875798116006
6966338153605615905
6966891640046222704
6967798270226149809
696883196750813195
6971432697091750306
6972769621986545077
6973137763707749125
6980228427349435404
6982313584611535497
6984372343390633305
6984503703561234692
6984708799435587228
6985562666475027543
6986166148057058218
6987943263069901214
6988854077231303246
6988999365940354209
6992958875819220162
6993306431097691816
699485823137303647
6995651602539480205
6997440884554558421
7000949012308701832
7002704813322407530
7003906429414513465
700443975518689119
7006134173052495812
7008436884137074082
7012476985873073230
7014271067562552950
7023250421374890793
7024739424933916278
7030408815231194194
7034289720183662992
7034515502663111543
7035219216898943819
7036274228765714038
7036863410402209399
7037695585824691932
7040358109740788838
7041353382187129186
7046950179133739974
7048072177127370656
7048453813303906931
7054897200236008842
7057325843191335556
7057862833847183051
7058995569035696039
7059563804276202393
7061709986407137006
7064141152768558730
7064211820169587135
7065364374981537394
7066010639431069738
7066458039516975911
7067654283495308524
7071040632823841728
707229484490479870
7072607281345518806
7076718552851795055
7078021310672479409
7081459464177763871
7084019788317427151
7085055167404892312
7085984894946455820
7086261364516486739
7090220139573250640
7090698538919341679
7090929605649450036
7096617783737220499
7097796333521947042
7099610803997469243
7101228635850653625
7101454288659460361
710534471884110648
7106741338459847701
7108256297976155989
7112737507782473792
7115992466489359891
7116623710554227782
7119206219513644152
7127031727602485365
713107578415971535
7132144116333806525
7132982963727483829
7135531305614478022
7140902374704816832
7145847468792852251
7146291022972639470
7155662342847616615
7157072737716558297
7160666985417492742
7168111160007502133
7168374950747388833
7175169039889475530
7175209646067659668
717598417603955674
7176500771618696911
7176982655734063231
7178992296487430024
7179447303620441183
718271295714338716
7183517452395073683
7185278280311117002
7190688162114965201
7193992353398102914
7194805070205427153
719623113552238774
7199580270450975434
7200997590771866747
720207937153748129
7205488155348396912
7205620821591981875
7205626141132714429
7209841324099888084
7210885293743798677
7213307389434577395
7213307909998908030
7213957009430307789
7214375285076137153
7219073210553747120
7221076033924491933
7221421647199921197
7224180763588515881
722477013611227260
722764125689928357
7228680115248607036
7228812850631031649
7233928617187199619
7238692844792354537
7239631951566102482
7243878431914487592
7249679817134150950
72517024058753256
726482333719978932
7265528951009930599
7266113097336503143
7268919698242376245
7270948613531974826
7271560665686212830
7273647723483378802
7277078904475196811
7281193014222686983
7282999408311662246
7285665436911893524
7286591911060138118
7287605791076678635
7287677443420812635
7288143229931578316
7288338837928888686
7290790280870268402
7293107741378881521
7296146984348416479
7297282356568634905
7297567050441853991
729812298005693933
7301478763751655407
7308555521080213526
7316550743954246797
7318075568221603820
7319556557375987939
7324955474880835053
7329729631676549954
7330519987460815040
7332984015602115278
7334398991514424786
733487588298777675
7343122302003118669
7344832683017113477
7345625079762836949
7347656537874167128
7350816745259802087
7351156416719852176
7352569444024347173
735492054968589301
7355498469305587953
7356567097560635013
7357068220374949170
7357618363648308635
7358239790520145207
7361374301748823144
7363585717659463132
736366124042597397
7364095096665816030
7369684119312585178
7370188416838260307
7378493586983458710
7385697157732095521
7386182544808593978
7387654918255539924
7389579890239046457
7393987835924209515
7396489508694218898
7400962712863944583
7402284319384399961
7408448768912979597
7409129750651726374
7413138656804695681
7414898540937012158
7415513322262246583
742276963337289815
7422893068345693085
7425019945363312448
7425570401588937462
7427637858393455929
7428648203372372409
7429174061021418434
7430078008396412387
7432580213003121180
744065504577322368
7440824738636478731
7440956030238535000
7442253025648894319
7442740593016937680
7443246910548474705
7443703977902821739
7445297667945025054
7448020970263636493
7448771641633897657
7448904524287752197
7449521594318456632
7451810375808666087
7452305991739656023
7452738333076835382
7454846412880239324
746064087462061901
7460734648097489069
7461317356756904783
746260758119050339
7471751487929042774
7473993587694343254
7475752363907750251
747810165762682715
7478198739920844258
7479063934551231819
7485669686391366792
748692172973887752
7487370519570176470
7495535796320155493
7500882990957541595
7502772222366151820
7505217916066465707
7507226577937579981
7513041337588061770
7513180854933091436
7517704215975608120
751816040989895085
7518269011063639448
7525134302745683104
7525344634991250031
7528769058932834850
7534325017602000758
7537914594470223981
7540830481972940333
7543314677522279779
7544782441112799854
7548996019529365722
7553186574395294356
7553512422344445901
7558252374860649663
7564445541194514209
7564756102750243541
7564782913349398929
7569345192640366804
7569740874047137565
757116982920075006
7571297712986209509
7574412992446406371
7577235221002455192
7582131948584523855
7584945454443926096
759336322198064736
7595913507734872766
7596463895258066804
7597838319931246631
7600395508079990185
7600596967085820068
7601782521618279789
7602040502513459427
7602071980827694164
7605384668013909803
760544255952532298
7605938023512520064
7609325238590745504
7612383981495450943
7614477437881117953
7615078218813458393
7615203266543116170
761743320616454295
7617756195652220924
7621551825645413355
7621803497407238155
7624800675503599774
7626293477587560222
7630553293263073036
7633288677321092695
7633369667845824743
7638112525344201612
7643327764040899118
7644720461970241323
7646726239328649114
7647693645730572475
7649229578411096163
7657071723753748784
7659447174816378330
7659803254578254132
7660796155988150999
76708586368528230
7672131858483208406
7673567819781515373
7674241609745103951
7674279284230182748
767546422972987457
7677383058348280532
768120203688355344
7686394156638024339
7688400963937144109
7694622365706514689
7701595390333368286
7709021587877942721
7709198783639402592
7712153347118716487
771281975242663712
7713473608639127646
7719743950189191047
7720009521953886384
7721133597767846899
772214725716788732
7722743112609097322
7724491015540975525
772636872723714309
772766494014917804
7729865685215778065
7730675905338109370
7733624774984316737
7735735105184736882
7742562303056683471
7744108138681628969
7745601627230642001
7748691159456149455
7750401609172574727
7754892164826207508
7756330180834304555
7756891045092990043
7757394902142423787
7759543083033562329
7760922938926719492
7761857122218768972
77689188979059870
7770863288344222394
7773095772273085349
7775521389895849769
7776011299417073576
7778557820719215484
7780289425648345426
7782277943001671579
7784582215315019785
7784941005666637497
7785997848314087476
779102264509883313
7791388133993031253
7793899723815216698
7794717202887941318
7795887494715461952
7797314945937913533
7798259630741297062
7799046338711753335
7802369921809933300
7802500527158741656
780427297210942654
7806631544007708682
7814781062562487464
7821799048766035172
7823213466598741033
7824870233881509066
7825199732200582943
7825718067558744914
7826271737284518903
7826852860919074678
7826976880451755000
7828844294236070926
7829918700455596565
7838585463121896095
7840766168116260768
7845579793005980382
7847108727757384170
7850737269059186011
7851107989670847010
7855942186637850305
785758995256379826
7861527979748261755
7862380017341122943
7864952075337223816
7871138283103373219
7876786105668531086
787735710988328316
7877627510919461940
7881972562630561868
7883283620349599822
7893089201671601201
7894769831511118819
7894819183181240396
789524808103641349
7896130351799644567
7897000979212965237
7897623428485516068
790064165002537204
7900794974696304462
7903462478719917339
7904035088685759434
7908019951420038454
7909867275140691130
7910369112558229749
791462020129004771
7914658873248097414
7916044460456406207
7918297308750763368
7918935178642024842
7919428249984635023
7926047868771356293
7927014756452444499
7927980894531324819
793084009418030196
7933605242977940392
793960967065213833
7941785520149935336
7944495509094132229
7944712908199486645
7948478599231455271
7953776588146816951
7955735112946553945
7960233880781185870
7964518244064240147
7968912681434651677
7972347977149997903
797565743541685089
7977497000581969539
7979508171865346612
7980794665919741282
7981640908596651758
7985044748405926207
7986114121287651835
7987329110911494114
7989810783023756746
7989979716532915207
7993120493003200004
7994017274459672236
7997930282038662610
7998775236104644913
8003279520237959117
8005734029232164414
8012583698499150911
801424567703030934
801765871564505220
8022081010817465203
8022572246300325315
8029087914772364426
803039679572733664
8030845503571858612
8032992404335729238
8033595513055382431
8035314496372167871
8043155963976797025
8044540569490582747
8045079552631260675
8046552779900252983
8049650382739799177
8052002844866904610
8052719919836057149
805521867620446087
8055339781659168643
8057081936488377997
8068241459016845764
8070380994595852307
8070599866283487443
8072951299971442767
8076308120635107164
8076952209611891079
8079979777297717411
8082944745908124983
8085752244158712429
808604432402643853
808804793239172413
8095206261980533945
8096900995600978437
8099790091412844182
8102790531048677968
8109743092505772709
8110240232952315465
8110371864532134420
811266637664474266
8114862385811381505
8116872593459010298
8121713120315386146
8125098872876962281
8125813193684256360
8126483521487527241
8129210971188964630
8129624072057775868
8135699098073962270
8136544502584700853
8136630975904538885
8139554820629889101
8140882050086194827
8142867978886467131
8144764642625020755
8145327165774596822
8147929753061815207
8152822406260519024
8154255223718480091
8156910652559269205
8157347880335902565
8160583341989660957
8161505464663154135
8162584624211692821
8163042132971939275
8164674059979214202
8166077865926869700
8171299600324211494
8174114398315148650
817457598242073935
8175040569022335709
8176386482036447049
8177343165301467333
8180975886215529159
8182817530576919294
8187516214354307127
8187600231628830098
8188229839645937650
8190489188806424487
8192486424552195390
8192566720671925275
8193459999358330614
8197845699573871705
8198618834830719292
8203100019182308911
8210243185123432514
8214139807570624195
8214480493562392691
8215446556045875109
8216650683746626134
8218574787749867278
8219534012749591742
8221329583017446349
8227224095123268131
8229251256272891311
8232583118805162563
823610297788049419
8239579123068923776
8240043023008396284
8244184473633729199
8245331795652014098
8245939477168783902
8248666508319743418
8251668768490543054
8255125025153112443
8256799244614509291
8258153455704003826
825990456820616896
8260725513793557257
8266424191925486869
8266663512298066622
8266979952414738035
8269262008393288769
8270074463288268826
8274564477843042061
8275571116791961102
8278858518457249898
8279888798699452148
8281007332224887028
8294324673929375946
8296126631008513833
8297700101072507655
8299882850931231707
8303716722927602286
831052792581212214
8310655182217987461
8315793214424361817
8316982018291817029
8317097504626819710
8319010287669089737
8320398222565644423
8321623485422253417
8323759454407894317
8324555981911243889
8325285220225837584
8325884256326587252
8327077307545570102
8329220362243861394
8331426680547256448
8331559067370503203
833186088614785933
8334564119484059073
8335069677444064624
8338023796417318095
8338224124102460031
8340431268043421365
8340748889149206731
834104496391393517
8344420003577399392
834489207446784314
8345265257619195870
8347306716334929378
83485344431353862
8348590109500448806
8351267368270712450
8355923156155903923
8356831712331036468
8359378810162848036
8359867150702315923
8361862523762035619
8365712828014037149
8365776747118560813
8368215565239160678
8368457455611436723
8372556082018184236
8372688537409845361
8373902215471537468
8375704054439828223
8377318204362297503
837819482730903146
83794860346947303
838034545272728061
8383179279209608032
8383704738988339601
8386602737036741684
8387010232283331827
8392359628888903439
8394201183040619406
839575557499391869
8396604193409816813
8399505342937872846
8401810410067634385
8402569611200358752
8407557128889143139
840940534367891046
8409693100641924250
8412065965999652399
8413325624182048302
8413514057878353163
841495029566295747
8417827845120767129
8417860409543225659
8418505845786427713
8419929274782375125
8429339727393259991
8430319582703423351
84313127046716074
843205976654883644
8434566037171214171
843612410526148402
8436212098843650696
8437337373887715054
8445583942935318690
8446620001539450553
8447218555331650574
8447435827429837593
8449433783440682152
8457725094948707748
845985275967158744
8460544943625399000
8460948552234982474
8464535311508230578
8465447354410445663
8469626348236778729
8470636210948936847
8475872564412820318
8479510727283168247
848272078309445398
8485082195562972750
8486696445797195579
8486854347869351677
8488245655914299408
8489434961265625012
8491327594934737386
849385562184142638
8497841368260124177
8499669574039910320
8502587634236043679
8504974276070427903
8511779064970019182
8513717752729962133
8513733074600133127
8516493543037763491
8518225909560242560
8522682592634449194
8524496329761418152
8525344517898222225
8525830270587810849
8532420708266458472
8536893087549311613
8541038095730789513
8541854879080068132
8546389140239074103
8558622235467210250
8559142461272520566
8566077511475081620
8566084834419116330
8567200502263774699
8567698725749072281
8570186198241541972
8574250628421879448
8575764758293529679
8577821922693979818
8580183302856612940
8584435290621233579
8584770790077364763
8584902352518213192
8585549091440543479
8589401678899747155
8594195288329432039
8594409373600261463
8595586290486596430
8601158027489069678
8604548332589233604
8605324908807050683
8609858895104844464
8612304796705363754
8615313267309042929
8621725211245587485
8622134084823562273
8624566522295683256
862764895414800299
8628271255500007841
8631541935313025745
8636921154919982596
864059782994561903
8644549606070659635
8646168610596392456
8647973021164528386
8654530314227559566
8654846333008738056
865799763953420945
8658093464939590837
8658982923314998083
86623807963988407
8662430421580338283
8664625731408500842
8664990380251801311
8669471830574109132
8669837514471998157
8674612671545851352
867721990652722587
868008358697418047
8680345188333675508
8681002816880828710
8683190819213711013
8684680757376215394
8687992060603907550
868895009738486330
8690377129877885092
8690588712175429340
8693318978328283124
8694648329968776
8700439222803903310
8700442928188239205
870071947754795699
8701398078366152808
870298815456509316
8706828340591123745
8706884010287158161
8707616354982614556
8710290443803372739
8711233837385589208
8713275929098541516
8713396717992334440
8717887248190219133
8719095103595305677
8721852033223139758
8723054897948849447
8728610442757000109
8732303582282789638
8735030474920783010
8735269928136797011
8738362106814880614
8738466326307048972
8740858036196159376
874226936419771449
8742991791450192153
8744266218439713932
874446531232960501
8744920490673509610
8746181286916688123
8747806484636614570
874891124379124972
8749504997974507234
8750284167576114865
8751923892979784873
8751939970242030506
8753224202078714090
875414758103682150
8755200728211823000
875673210280374747
8757220212028796728
8757352343195066864
8759024098608347420
8766187003087583088
8770875548265736881
8771452831546869320
8773137974292335703
8776731564374903055
8780140975442752489
8781759192469332303
8786345436863050099
8789151012819717040
8792650616273448056
8793517976084337875
8794449927133817879
87966562878605073
8798000019164701638
8802981209957266519
8803749315138605604
8803895698696403304
8805098865558147884
881081961194830580
8811100611070289915
881250367453695338
881611575530493368
8818823254869043673
8819102015547608727
8822830670501184645
8825637474221373911
8826987407254775399
8827427841789589118
8828552229842305466
883175291448267644
8833611965330938553
8835005750694506285
8835482156309471645
883712213449391923
8837422510651598438
8841912516815098225
8846593137254102656
8848651164967903071
8849048564175211022
8849723319054961762
8854028492253049192
8859312442332436941
8862586810547791844
8863083326003096629
8866322290134285497
8867985250258173198
8871449578010462997
8873389400245357804
8873500820991790653
8889713983075518195
8892020988625330562
8893096502232807841
8893300132547878064
8895259077214342788
8896174674241487805
8897915801663657140
8901525554260246107
8901747888937464043
8902948394353141
8906082768242880907
8908129055914023903
8908589517179883191
8910992201178809143
8911666372817386113
8911695089895149925
8913105877267085730
8919008352897583894
8920419147338101693
8924628149555607122
8925538302130744345
8928409312887873019
8930303889663631639
8936138664451257427
8939590277665344229
8942378086386844425
8943614218944063861
8944097850098367986
8944192761651257696
8946107490676750857
8946184621518927033
8948814973021326152
8950035318202982770
895035437205523270
8950672831349711295
8950714546468783735
8953357388676687173
8954972444158417321
8958054766574448252
8962195758267090632
8963807005536942063
8964637015810379590
8965002974492883866
8965027967497469289
8967659454483179595
8971907210743484450
8973476453379506095
8974261925786847424
8976758861866481410
8980101176509415077
8981838111383566571
8985771329648824135
8988919395972249950
8990529763975839219
8990661551681490551
8990774636348828800
8995036198871954705
8999621801668039468
9002973615071412897
9010211892608377398
9010658808810598369
9012543528761193843
9014710703304070435
9018123746805460102
9019439288131687315
9021371833226374015
9021720764631557583
9025190497622733092
9026975087997105379
9033917727955355852
9034595014808546219
9036653021051548061
903709894706211468
9037333154501866196
9037341307796326934
9038553685334916260
9041313747880662906
9041487291388945486
9043942597235206458
9044165190285596280
9046393260213764859
9052122882880575352
9052442729910246262
9052884598819956805
9054131957260423297
9055509800210196524
9056445462387955154
9058605195808794518
9061327178614196559
906172779747357055
906209595535464042
9062581289084673756
9064802736564710795
9066209281493541429
9066802220916726195
9067319621641409746
907152598818865119
907216551342944623
9073348187577624267
9077066539244294815
90778422646705424
9079813736942850961
9082800195388033778
9083534658640238633
9084907142413271580
9088309178008812872
9089513869852527236
9089878254927008816
9091166601030165394
9092776565490570332
9095835730636494423
9097024015127176437
9100280458479616669
9100534889490906580
9100885902377450803
9103799384723918844
9107825886459385611
9108090676693274777
9110242771816318981
9112810351515940795
9113175996378727113
911396534299229659
9115629649732826966
9118410134444786371
9118707302827429887
911894200642996155
9121874910591625458
9122620489418172860
9125516875085211134
9129287676070543620
9130493064114448880
9132794844521543917
9133893202246875826
9137031768171096325
9137298296071118598
9137463360241487017
9139382826337217326
914229338942388264
9145442888618822240
9148576510622873575
9149977158830701899
9152824918099093309
9157066253090294328
9162652794217671986
9166315537817248400
9169983253925138492
9173634578217232529
9174482571240204079
9177787397083866235
9180040788311592328
9182838961637335992
9185858038898956659
9186067709059667907
918702267963756339
9188817577638647835
9189138118758769498
9192457744998975910
9192610475811102447
9192611052199841120
9193790709360742142
9194456649049608249
9194753569882662537
9196008292396767773
919656098478284180
9207038233386753616
9211964708521321846
9217162470391078428
9218408697243640461
9222881360448968088
925743679373970068
928825573462345608
929625083141044110
9301313947074996
934294468035349740
936919101663342474
938594013871923780
94104469900393237
943101895823660375
944141665545872204
944740991655364825
945294409444910232
946769609871226650
94778657514964680
950179168859722414
955719410115619227
957565422139526626
957905623405168742
95799815604376677
958398852778001753
960678012781079057
960869304453126321
962592521450704226
962672031214935564
964203977657919459
965402126392544536
971305775480111342
973824367445483545
975520345499234290
980264272477527975
982460468679526429
984230719835437824
986699530649686395
989275538218035168
989717206718279780
989809649165009926
992696041131938839
994596887610299732
998030605666654904